gene_id	fusion_event	family_number	start_med_align1	end_med_align1	start_med_align2	end_med_align2	break_point
ID_76_F1_11_F2_2_G_4_SplitPt_70_GenID_0	0	0	69	500	2	78	73
f2_13	0	1
f2_12	0	1
f11_27	0	2
f11_26	0	2
ID_76_F1_11_F2_2_G_4_SplitPt_70_GenID_0	0	0	69	500	6	70	69
f2_13	0	1
f2_12	0	1
f11_25	0	2
f11_24	0	2
ID_76_F1_11_F2_2_G_4_SplitPt_70_GenID_0	0	0	2	78	68	188	73
f11_27	0	1
f11_26	0	1
ID_48_F1_2_F2_18_G_3_SplitPt_188_GenID_0	0	2
ID_76_F1_11_F2_2_G_4_SplitPt_70_GenID_0	0	0	6	70	68	188	69
f11_25	0	1
f11_24	0	1
ID_48_F1_2_F2_18_G_3_SplitPt_188_GenID_0	0	2
f11_25	1	0	9	74	227	500	150
f11_24	1	0	3	66	232	500	149
ID_76_F1_11_F2_2_G_4_SplitPt_70_GenID_0	1	1
ID_200_F1_0_F2_11_G_4_SplitPt_230_GenID_0	1	2
ID_200_F1_0_F2_11_G_4_SplitPt_230_GenID_0	2	0	229	500	1	225	227
f11_25	2	1
f11_24	2	1
f0_27	2	2
ID_153_F1_4_F2_0_G_3_SplitPt_141_GenID_0	2	2
f0_26	2	2
ID_153_F1_4_F2_0_G_3_SplitPt_141_GenID_0	3	0	143	361	13	141	142
ID_200_F1_0_F2_11_G_4_SplitPt_230_GenID_0	3	1
f0_27	3	1
f4_1	3	2
ID_48_F1_2_F2_18_G_3_SplitPt_188_GenID_0	4	0	68	188	191	500	189
ID_76_F1_11_F2_2_G_4_SplitPt_70_GenID_0	4	1
f18_31	4	2
f3_27	5	0	1	182	184	497	183
ID_171_F1_3_F2_11_G_4_SplitPt_182_GenID_0	5	1
ID_75_F1_15_F2_3_G_4_SplitPt_183_GenID_0	5	2
ID_197_F1_15_F2_0_G_4_SplitPt_137_GenID_0	6	0	1	137	137	499	137
ID_75_F1_15_F2_3_G_4_SplitPt_183_GenID_0	6	1
f15_11	6	1
f15_10	6	1
f0_13	6	2
f0_12	6	2
f0_13	7	0	138	499	8	149	143
f0_12	7	0	137	500	1	146	141
ID_197_F1_15_F2_0_G_4_SplitPt_137_GenID_0	7	1
ID_224_F1_0_F2_14_G_3_SplitPt_146_GenID_0	7	2
ID_224_F1_0_F2_14_G_3_SplitPt_146_GenID_0	8	0	4	147	136	497	141
f0_13	8	1
f0_12	8	1
f14_29	8	2
f14_28	8	2
ID_101_F1_17_F2_5_G_4_SplitPt_173_GenID_0	9	0	1	181	175	498	178
f17_5	9	1
f17_4	9	1
f5_21	9	2
f5_19	9	2
f5_18	9	2
ID_166_F1_10_F2_2_G_4_SplitPt_55_GenID_0	10	0	56	500	2	55	55
ID_4_F1_2_F2_5_G_3_SplitPt_157_GenID_0	10	1
f2_21	10	1
f2_20	10	1
f10_31	10	2
f10_30	10	2
ID_252_F1_17_F2_15_G_4_SplitPt_135_GenID_0	11	0	136	499	1	134	135
f15_31	11	1
f15_30	11	1
f17_29	11	2
ID_211_F1_17_F2_0_G_3_SplitPt_156_GenID_0	11	2
f17_28	11	2
ID_211_F1_17_F2_0_G_3_SplitPt_156_GenID_0	12	0	1	155	157	497	156
ID_252_F1_17_F2_15_G_4_SplitPt_135_GenID_0	12	1
f17_29	12	1
f17_28	12	1
f0_5	12	2
f0_4	12	2
ID_202_F1_17_F2_5_G_3_SplitPt_85_GenID_0	13	0	3	79	87	496	83
f17_28	13	1
f5_7	13	2
ID_202_F1_17_F2_5_G_3_SplitPt_85_GenID_0	13	0	3	79	91	500	85
f17_28	13	1
ID_5_F1_14_F2_5_G_3_SplitPt_124_GenID_0	13	2
ID_5_F1_14_F2_5_G_3_SplitPt_124_GenID_0	13	0	1	120	124	498	122
f14_19	13	1
f14_18	13	1
f5_11	13	2
f5_10	13	2
ID_189_F1_6_F2_16_G_3_SplitPt_236_GenID_0	14	0	234	498	1	236	235
f16_21	14	1
f6_9	14	2
ID_61_F1_6_F2_11_G_4_SplitPt_60_GenID_0	15	0	1	58	60	499	59
f6_9	15	1
f6_8	15	1
f11_15	15	2
f11_14	15	2
ID_106_F1_1_F2_16_G_4_SplitPt_166_GenID_0	16	0	164	499	1	170	167
f16_23	16	1
f16_22	16	1
f1_23	16	2
f1_22	16	2
ID_31_F1_1_F2_8_G_4_SplitPt_228_GenID_0	16	2
ID_31_F1_1_F2_8_G_4_SplitPt_228_GenID_0	17	0	1	228	214	500	221
ID_106_F1_1_F2_16_G_4_SplitPt_166_GenID_0	17	1
f1_23	17	1
f1_22	17	1
f8_29	17	2
f8_28	17	2
ID_203_F1_15_F2_3_G_4_SplitPt_221_GenID_0	18	0	1	233	215	499	224
f15_13	18	1
f15_12	18	1
f3_7	18	2
f3_6	18	2
ID_10_F1_3_F2_7_G_3_SplitPt_190_GenID_0	19	0	5	194	192	496	193
f3_6	19	1
f7_27	19	2
f7_26	19	2
f7_27	20	0	192	498	1	169	180
f7_26	20	0	192	495	1	174	183
ID_10_F1_3_F2_7_G_3_SplitPt_190_GenID_0	20	1
ID_113_F1_7_F2_14_G_3_SplitPt_174_GenID_0	20	2
ID_113_F1_7_F2_14_G_3_SplitPt_174_GenID_0	21	0	1	171	176	498	173
f7_27	21	1
f7_26	21	1
f14_15	21	2
ID_113_F1_7_F2_14_G_3_SplitPt_174_GenID_0	21	0	176	498	1	130	153
f14_15	21	1
f7_25	21	2
ID_120_F1_10_F2_7_G_3_SplitPt_117_GenID_0	22	0	118	500	3	114	116
f7_25	22	1
f7_24	22	1
f10_13	22	2
f10_12	22	2
ID_84_F1_12_F2_8_G_4_SplitPt_81_GenID_0	23	0	1	84	68	499	76
f12_7	23	1
f8_19	23	2
f8_18	23	2
ID_84_F1_12_F2_8_G_4_SplitPt_81_GenID_0	23	0	1	84	68	499	76
f12_5	23	1
f12_4	23	1
f8_19	23	2
f8_18	23	2
ID_199_F1_19_F2_14_G_3_SplitPt_81_GenID_0	24	0	92	500	2	75	83
f14_23	24	1
f19_17	24	2
f19_16	24	2
ID_23_F1_14_F2_13_G_3_SplitPt_248_GenID_0	25	0	3	255	249	499	252
f14_23	25	1
f14_22	25	1
f13_31	25	2
f13_30	25	2
ID_44_F1_15_F2_9_G_3_SplitPt_73_GenID_0	26	0	3	70	74	497	72
f15_18	26	1
f9_25	26	2
f9_24	26	2
ID_65_F1_19_F2_0_G_3_SplitPt_180_GenID_0	27	0	13	179	182	500	180
ID_192_F1_19_F2_3_G_4_SplitPt_218_GenID_0	27	1
f19_9	27	1
f19_8	27	1
ID_223_F1_5_F2_19_G_4_SplitPt_105_GenID_0	27	1
f0_11	27	2
ID_223_F1_5_F2_19_G_4_SplitPt_105_GenID_0	28	0	105	359	1	105	105
ID_192_F1_19_F2_3_G_4_SplitPt_218_GenID_0	28	1
f19_9	28	1
ID_65_F1_19_F2_0_G_3_SplitPt_180_GenID_0	28	1
f19_8	28	1
f5_13	28	2
ID_77_F1_5_F2_13_G_4_SplitPt_189_GenID_0	28	2
f5_12	28	2
f5_13	29	0	1	148	167	500	157
f5_12	29	0	3	154	217	500	185
ID_223_F1_5_F2_19_G_4_SplitPt_105_GenID_0	29	1
ID_77_F1_5_F2_13_G_4_SplitPt_189_GenID_0	29	1
ID_29_F1_13_F2_5_G_4_SplitPt_236_GenID_0	29	2
ID_77_F1_5_F2_13_G_4_SplitPt_189_GenID_0	30	0	1	191	187	500	189
ID_223_F1_5_F2_19_G_4_SplitPt_105_GenID_0	30	1
f5_13	30	1
f5_12	30	1
f13_11	30	2
f13_10	30	2
ID_77_F1_5_F2_13_G_4_SplitPt_189_GenID_0	30	0	4	192	187	500	189
f5_14	30	1
f13_11	30	2
f13_10	30	2
ID_214_F1_13_F2_17_G_3_SplitPt_200_GenID_0	31	0	1	208	201	499	204
ID_29_F1_13_F2_5_G_4_SplitPt_236_GenID_0	31	1
f13_29	31	1
f13_28	31	1
f17_9	31	2
f17_8	31	2
ID_192_F1_19_F2_3_G_4_SplitPt_218_GenID_0	32	0	7	220	217	500	218
f19_9	32	1
ID_65_F1_19_F2_0_G_3_SplitPt_180_GenID_0	32	1
f19_8	32	1
ID_223_F1_5_F2_19_G_4_SplitPt_105_GenID_0	32	1
f3_13	32	2
ID_226_F1_8_F2_3_G_4_SplitPt_209_GenID_0	32	2
f3_12	32	2
ID_226_F1_8_F2_3_G_4_SplitPt_209_GenID_0	33	0	206	500	1	211	208
ID_192_F1_19_F2_3_G_4_SplitPt_218_GenID_0	33	1
f3_13	33	1
f3_12	33	1
f8_9	33	2
f8_8	33	2
ID_216_F1_8_F2_2_G_3_SplitPt_163_GenID_0	33	2
ID_216_F1_8_F2_2_G_3_SplitPt_163_GenID_0	34	0	1	165	164	500	164
ID_226_F1_8_F2_3_G_4_SplitPt_209_GenID_0	34	1
f2_4	34	2
ID_206_F1_4_F2_2_G_3_SplitPt_148_GenID_0	35	0	138	500	1	151	144
f2_4	35	1
f2_5	35	1
f4_17	35	2
ID_37_F1_8_F2_17_G_4_SplitPt_78_GenID_0	36	0	1	78	79	493	78
f8_8	36	1
f17_15	36	2
f17_14	36	2
ID_183_F1_17_F2_15_G_4_SplitPt_124_GenID_0	36	2
ID_183_F1_17_F2_15_G_4_SplitPt_124_GenID_0	37	0	1	124	125	498	124
ID_37_F1_8_F2_17_G_4_SplitPt_78_GenID_0	37	1
f17_15	37	1
ID_2_F1_17_F2_19_G_4_SplitPt_123_GenID_0	37	1
f17_14	37	1
f15_9	37	2
f15_8	37	2
ID_2_F1_17_F2_19_G_4_SplitPt_123_GenID_0	38	0	1	121	121	500	121
f17_15	38	1
f17_14	38	1
ID_183_F1_17_F2_15_G_4_SplitPt_124_GenID_0	38	1
f19_25	38	2
f19_24	38	2
ID_80_F1_17_F2_5_G_4_SplitPt_138_GenID_0	39	0	1	103	113	499	108
f17_21	39	1
f5_9	39	2
f5_8	39	2
ID_112_F1_10_F2_17_G_4_SplitPt_53_GenID_0	39	0	58	500	1	65	61
ID_246_F1_19_F2_17_G_3_SplitPt_181_GenID_0	39	1
f17_21	39	1
f17_20	39	1
f10_25	39	2
f10_24	39	2
ID_246_F1_19_F2_17_G_3_SplitPt_181_GenID_0	40	0	179	500	64	181	180
f17_21	40	1
ID_112_F1_10_F2_17_G_4_SplitPt_53_GenID_0	40	1
f17_20	40	1
f19_14	40	2
ID_195_F1_4_F2_19_G_4_SplitPt_119_GenID_0	40	2
ID_195_F1_4_F2_19_G_4_SplitPt_119_GenID_0	41	0	120	499	4	132	126
ID_246_F1_19_F2_17_G_3_SplitPt_181_GenID_0	41	1
f19_14	41	1
f19_15	41	1
f4_27	41	2
f4_26	41	2
ID_195_F1_4_F2_19_G_4_SplitPt_119_GenID_0	41	0	120	499	1	119	119
ID_246_F1_19_F2_17_G_3_SplitPt_181_GenID_0	41	1
f19_14	41	1
f19_15	41	1
f4_25	41	2
f4_24	41	2
ID_6_F1_0_F2_17_G_3_SplitPt_204_GenID_0	41	0	1	202	208	497	205
f0_15	41	1
f0_14	41	1
f17_13	41	2
f17_12	41	2
ID_172_F1_18_F2_1_G_4_SplitPt_242_GenID_0	42	0	243	498	1	244	243
f1_11	42	1
f1_10	42	1
f18_19	42	2
f18_18	42	2
ID_231_F1_9_F2_1_G_3_SplitPt_155_GenID_0	43	0	139	496	3	157	148
f1_11	43	1
f1_10	43	1
f9_31	43	2
ID_186_F1_9_F2_6_G_4_SplitPt_96_GenID_0	43	2
f9_30	43	2
ID_51_F1_2_F2_11_G_3_SplitPt_243_GenID_0	44	0	12	243	231	500	237
f2_11	44	1
f2_10	44	1
f11_23	44	2
f11_22	44	2
ID_88_F1_12_F2_10_G_3_SplitPt_93_GenID_0	45	0	94	498	4	92	93
f10_5	45	1
f10_4	45	1
f12_27	45	2
ID_239_F1_18_F2_19_G_3_SplitPt_93_GenID_0	46	0	8	93	93	500	93
f18_25	46	1
f18_24	46	1
f19_6	46	2
ID_105_F1_0_F2_16_G_3_SplitPt_127_GenID_0	47	0	4	102	126	497	114
f0_30	47	1
f16_28	47	2
ID_248_F1_4_F2_19_G_3_SplitPt_105_GenID_0	48	0	10	106	109	497	107
f4_2	48	1
f19_1	48	2
f19_0	48	2
ID_95_F1_4_F2_15_G_3_SplitPt_149_GenID_0	49	0	5	145	147	498	146
f4_3	49	1
f4_2	49	1
f15_17	49	2
f15_16	49	2
f12_1	50	0	108	499	1	86	97
f12_0	50	0	104	500	2	85	94
ID_140_F1_5_F2_12_G_4_SplitPt_103_GenID_0	50	1
ID_28_F1_12_F2_2_G_4_SplitPt_86_GenID_0	50	2
ID_28_F1_12_F2_2_G_4_SplitPt_86_GenID_0	51	0	1	85	87	499	86
f12_1	51	1
f12_0	51	1
f2_7	51	2
f2_6	51	2
ID_140_F1_5_F2_12_G_4_SplitPt_103_GenID_0	52	0	106	499	1	103	104
f12_1	52	1
f12_0	52	1
f5_3	52	2
f5_2	52	2
ID_118_F1_8_F2_6_G_4_SplitPt_213_GenID_0	53	0	1	185	213	500	199
ID_194_F1_8_F2_11_G_3_SplitPt_136_GenID_0	53	1
f8_21	53	1
f8_20	53	1
ID_139_F1_8_F2_6_G_4_SplitPt_123_GenID_0	53	1
f6_23	53	2
f6_22	53	2
ID_139_F1_8_F2_6_G_4_SplitPt_123_GenID_0	54	0	1	125	125	499	125
ID_194_F1_8_F2_11_G_3_SplitPt_136_GenID_0	54	1
f8_21	54	1
ID_118_F1_8_F2_6_G_4_SplitPt_213_GenID_0	54	1
f8_20	54	1
f6_25	54	2
f6_24	54	2
ID_194_F1_8_F2_11_G_3_SplitPt_136_GenID_0	55	0	1	149	160	244	154
f8_21	55	1
ID_118_F1_8_F2_6_G_4_SplitPt_213_GenID_0	55	1
f8_20	55	1
ID_139_F1_8_F2_6_G_4_SplitPt_123_GenID_0	55	1
f11_10	55	2
ID_194_F1_8_F2_11_G_3_SplitPt_136_GenID_0	55	0	1	149	139	498	144
f8_21	55	1
ID_118_F1_8_F2_6_G_4_SplitPt_213_GenID_0	55	1
f8_20	55	1
ID_139_F1_8_F2_6_G_4_SplitPt_123_GenID_0	55	1
f11_9	55	2
f11_8	55	2
f11_8	55	0	150	500	1	169	159
ID_194_F1_8_F2_11_G_3_SplitPt_136_GenID_0	55	1
ID_187_F1_11_F2_6_G_3_SplitPt_169_GenID_0	55	2
ID_187_F1_11_F2_6_G_3_SplitPt_169_GenID_0	56	0	1	172	170	500	171
f11_9	56	1
f11_8	56	1
f6_13	56	2
ID_53_F1_0_F2_10_G_4_SplitPt_185_GenID_0	57	0	193	500	35	184	188
f10_23	57	1
f10_22	57	1
f0_28	57	2
ID_53_F1_0_F2_10_G_4_SplitPt_185_GenID_0	57	0	193	500	1	185	189
f10_23	57	1
f10_22	57	1
f0_17	57	2
f0_16	57	2
ID_152_F1_9_F2_2_G_3_SplitPt_159_GenID_0	57	0	175	499	13	163	169
f2_19	57	1
f2_18	57	1
f9_11	57	2
f9_10	57	2
ID_99_F1_18_F2_8_G_3_SplitPt_92_GenID_0	58	0	9	92	78	500	85
f18_1	58	1
f8_13	58	2
f8_12	58	2
ID_240_F1_19_F2_18_G_3_SplitPt_87_GenID_0	59	0	88	500	6	84	86
f18_0	59	1
f19_13	59	2
f19_12	59	2
ID_102_F1_13_F2_7_G_4_SplitPt_57_GenID_0	60	0	56	499	1	56	56
f7_17	60	1
f7_16	60	1
f13_1	60	2
f13_0	60	2
f13_1	61	0	2	56	181	500	118
f13_0	61	0	1	57	181	500	119
ID_102_F1_13_F2_7_G_4_SplitPt_57_GenID_0	61	1
ID_47_F1_17_F2_13_G_4_SplitPt_192_GenID_0	61	2
ID_47_F1_17_F2_13_G_4_SplitPt_192_GenID_0	62	0	175	500	2	192	183
f13_1	62	1
f13_0	62	1
f17_25	62	2
f17_24	62	2
ID_97_F1_6_F2_15_G_3_SplitPt_175_GenID_0	63	0	3	172	177	499	174
f6_17	63	1
f6_16	63	1
f15_15	63	2
f15_14	63	2
ID_193_F1_15_F2_16_G_4_SplitPt_194_GenID_0	64	0	182	499	1	194	188
f16_7	64	1
f16_6	64	1
f15_5	64	2
f15_4	64	2
ID_43_F1_3_F2_13_G_3_SplitPt_197_GenID_0	65	0	197	499	1	196	196
f13_19	65	1
f13_18	65	1
f3_19	65	2
ID_13_F1_2_F2_2_G_3_SplitPt_70_GenID_0	66	0	2	77	61	500	69
f2_23	66	1
f2_22	66	1
f2_1	66	2
f2_0	66	2
ID_146_F1_0_F2_5_G_3_SplitPt_159_GenID_0	67	0	3	155	158	496	156
f0_9	67	1
f0_8	67	1
f5_5	67	2
ID_32_F1_16_F2_0_G_3_SplitPt_90_GenID_0	68	0	92	500	3	90	91
f0_9	68	1
f0_8	68	1
f16_1	68	2
f6_19	69	0	224	500	1	206	215
f6_18	69	0	207	500	1	205	206
ID_151_F1_10_F2_6_G_4_SplitPt_223_GenID_0	69	1
ID_67_F1_6_F2_16_G_4_SplitPt_205_GenID_0	69	2
ID_229_F1_6_F2_13_G_3_SplitPt_191_GenID_0	70	0	1	193	198	495	195
ID_67_F1_6_F2_16_G_4_SplitPt_205_GenID_0	70	1
f6_18	70	1
f13_25	70	2
f13_24	70	2
ID_67_F1_6_F2_16_G_4_SplitPt_205_GenID_0	71	0	1	205	206	499	205
f6_19	71	1
f6_18	71	1
ID_229_F1_6_F2_13_G_3_SplitPt_191_GenID_0	71	1
f16_13	71	2
f16_12	71	2
ID_143_F1_1_F2_7_G_4_SplitPt_111_GenID_0	72	0	1	113	109	499	111
f1_6	72	1
f7_31	72	2
f7_30	72	2
ID_143_F1_1_F2_7_G_4_SplitPt_111_GenID_0	72	0	2	111	109	499	110
f1_5	72	1
f1_4	72	1
f7_31	72	2
f7_30	72	2
ID_27_F1_14_F2_2_G_3_SplitPt_118_GenID_0	73	0	2	100	122	497	111
ID_36_F1_14_F2_1_G_3_SplitPt_83_GenID_0	73	1
f14_4	73	1
f2_25	73	2
f2_24	73	2
ID_36_F1_14_F2_1_G_3_SplitPt_83_GenID_0	74	0	4	83	80	499	81
f14_5	74	1
f14_4	74	1
ID_27_F1_14_F2_2_G_3_SplitPt_118_GenID_0	74	1
f1_17	74	2
f1_16	74	2
ID_179_F1_3_F2_14_G_3_SplitPt_123_GenID_0	75	0	109	498	5	121	115
ID_137_F1_11_F2_14_G_4_SplitPt_155_GenID_0	75	1
f14_17	75	1
f3_23	75	2
f3_22	75	2
ID_83_F1_11_F2_15_G_4_SplitPt_79_GenID_0	76	0	8	80	89	452	84
ID_137_F1_11_F2_14_G_4_SplitPt_155_GenID_0	76	1
f11_19	76	1
f11_18	76	1
f15_28	76	2
ID_83_F1_11_F2_15_G_4_SplitPt_79_GenID_0	76	0	8	80	80	500	80
ID_137_F1_11_F2_14_G_4_SplitPt_155_GenID_0	76	1
f11_19	76	1
f11_18	76	1
f15_23	76	2
f15_22	76	2
ID_56_F1_0_F2_8_G_3_SplitPt_100_GenID_0	76	0	4	102	120	490	111
f0_18	76	1
f8_1	76	2
ID_107_F1_8_F2_11_G_3_SplitPt_230_GenID_0	77	0	1	231	238	497	234
f8_23	77	1
f8_22	77	1
f11_21	77	2
f16_9	78	0	1	143	173	500	158
ID_58_F1_16_F2_18_G_3_SplitPt_142_GenID_0	78	1
ID_127_F1_18_F2_16_G_3_SplitPt_172_GenID_0	78	2
ID_170_F1_16_F2_9_G_3_SplitPt_98_GenID_0	78	0	1	94	93	498	93
f16_31	78	1
f16_30	78	1
f9_16	78	2
ID_20_F1_12_F2_1_G_4_SplitPt_239_GenID_0	79	0	1	241	237	500	239
f12_19	79	1
f12_18	79	1
f1_15	79	2
f1_14	79	2
ID_245_F1_6_F2_8_G_3_SplitPt_87_GenID_0	80	0	1	86	89	499	87
f6_10	80	1
f8_27	80	2
