gene_id	fusion_event	family_number	start_med_align1	end_med_align1	start_med_align2	end_med_align2	break_point
ID_12_F1_11_F2_17_G_4_SplitPt_103_GenID_0	0	0	103	499	1	105	104
f17_11	0	1
f17_10	0	1
f11_27	0	2
f11_26	0	2
ID_12_F1_11_F2_17_G_4_SplitPt_103_GenID_0	0	0	103	499	1	105	104
f17_11	0	1
f17_10	0	1
f11_17	0	2
ID_11_F1_6_F2_9_G_4_SplitPt_144_GenID_0	0	0	1	144	145	500	144
f6_25	0	1
f6_24	0	1
f9_5	0	2
f9_4	0	2
ID_18_F1_14_F2_9_G_4_SplitPt_183_GenID_0	0	2
ID_0_F1_10_F2_7_G_4_SplitPt_242_GenID_0	1	0	1	234	243	497	238
f10_31	1	1
f7_15	1	2
f7_14	1	2
ID_0_F1_10_F2_7_G_4_SplitPt_242_GenID_0	1	0	2	239	243	497	241
f10_25	1	1
ID_63_F1_0_F2_10_G_4_SplitPt_130_GenID_0	1	1
f10_24	1	1
f7_15	1	2
f7_14	1	2
ID_63_F1_0_F2_10_G_4_SplitPt_130_GenID_0	2	0	135	500	1	143	139
ID_0_F1_10_F2_7_G_4_SplitPt_242_GenID_0	2	1
f10_25	2	1
f10_24	2	1
f0_1	2	2
f0_0	2	2
ID_21_F1_10_F2_1_G_4_SplitPt_103_GenID_0	3	0	104	498	1	105	104
f1_23	3	1
f1_27	3	1
f1_26	3	1
f10_9	3	2
f10_8	3	2
ID_19_F1_7_F2_4_G_4_SplitPt_93_GenID_0	4	0	94	500	1	93	93
f4_21	4	1
f4_20	4	1
f7_17	4	2
f7_16	4	2
ID_17_F1_0_F2_19_G_4_SplitPt_103_GenID_0	5	0	1	106	95	500	100
f0_3	5	1
f0_2	5	1
f19_29	5	2
f19_28	5	2
ID_42_F1_6_F2_2_G_4_SplitPt_134_GenID_0	6	0	1	151	135	495	143
f6_3	6	1
f6_2	6	1
f2_15	6	2
f2_14	6	2
ID_49_F1_7_F2_2_G_4_SplitPt_189_GenID_0	7	0	190	500	1	191	190
f2_19	7	1
f2_18	7	1
f7_9	7	2
f7_8	7	2
ID_34_F1_12_F2_12_G_4_SplitPt_145_GenID_0	8	0	1	150	138	499	144
ID_16_F1_18_F2_12_G_4_SplitPt_96_GenID_0	8	1
f12_10	8	1
f12_11	8	1
f12_23	8	2
f12_22	8	2
ID_58_F1_13_F2_12_G_4_SplitPt_204_GenID_0	9	0	205	481	1	212	208
ID_16_F1_18_F2_12_G_4_SplitPt_96_GenID_0	9	1
f12_12	9	1
f12_13	9	1
f12_10	9	1
f13_25	9	2
f13_24	9	2
ID_16_F1_18_F2_12_G_4_SplitPt_96_GenID_0	10	0	90	499	1	98	94
f12_12	10	1
ID_58_F1_13_F2_12_G_4_SplitPt_204_GenID_0	10	1
f12_10	10	1
f12_11	10	1
ID_34_F1_12_F2_12_G_4_SplitPt_145_GenID_0	10	1
f18_3	10	2
f18_2	10	2
ID_54_F1_9_F2_15_G_4_SplitPt_73_GenID_0	11	0	74	495	1	76	75
f15_31	11	1
f15_30	11	1
f9_17	11	2
f9_16	11	2
ID_7_F1_16_F2_13_G_4_SplitPt_183_GenID_0	12	0	4	181	171	500	176
f16_6	12	1
f16_7	12	1
f13_11	12	2
f13_10	12	2
ID_14_F1_5_F2_16_G_4_SplitPt_233_GenID_0	13	0	234	500	1	235	234
f16_6	13	1
f5_31	13	2
f5_30	13	2
ID_3_F1_16_F2_19_G_4_SplitPt_161_GenID_0	14	0	1	161	162	499	161
f16_21	14	1
f16_20	14	1
f19_23	14	2
f19_22	14	2
ID_36_F1_11_F2_6_G_4_SplitPt_50_GenID_0	15	0	51	499	1	52	51
f6_5	15	1
f6_4	15	1
f11_3	15	2
f14_7	16	0	222	490	1	86	154
f14_6	16	0	222	500	1	86	154
f14_4	16	0	222	500	7	86	154
f14_5	16	0	221	495	1	77	149
ID_56_F1_5_F2_14_G_4_SplitPt_223_GenID_0	16	1
ID_45_F1_14_F2_5_G_4_SplitPt_85_GenID_0	16	2
ID_45_F1_14_F2_5_G_4_SplitPt_85_GenID_0	17	0	1	86	82	495	84
f14_7	17	1
f14_6	17	1
f14_4	17	1
f14_5	17	1
f5_3	17	2
f5_2	17	2
ID_56_F1_5_F2_14_G_4_SplitPt_223_GenID_0	18	0	222	497	1	227	224
f14_7	18	1
f14_6	18	1
f14_4	18	1
f14_5	18	1
f5_23	18	2
f5_18	18	2
f5_19	18	2
