gene_id	fusion_event	family_number	start_med_align1	end_med_align1	start_med_align2	end_med_align2	break_point
ID_23_F1_18_F2_7_G_4_SplitPt_181_GenID_0	0	0	1	181	182	500	181
f18_29	0	1
f18_26	0	1
f18_25	0	1
f18_27	0	1
f18_24	0	1
f7_19	0	2
f7_17	0	2
f7_18	0	2
f7_16	0	2
ID_1_F1_17_F2_10_G_3_SplitPt_101_GenID_0	1	0	96	500	2	102	99
f10_22	1	1
f10_23	1	1
f17_11	1	2
f17_10	1	2
ID_46_F1_3_F2_10_G_4_SplitPt_122_GenID_0	2	0	123	499	1	122	122
ID_53_F1_2_F2_10_G_4_SplitPt_180_GenID_0	2	1
f10_28	2	1
f10_27	2	1
f10_24	2	1
f10_26	2	1
f3_7	2	2
f3_6	2	2
ID_46_F1_3_F2_10_G_4_SplitPt_122_GenID_0	2	0	123	499	52	123	123
ID_53_F1_2_F2_10_G_4_SplitPt_180_GenID_0	2	1
f10_28	2	1
f10_27	2	1
f10_24	2	1
f10_26	2	1
f3_2	2	2
ID_53_F1_2_F2_10_G_4_SplitPt_180_GenID_0	2	0	178	500	1	180	179
f10_31	2	1
f10_28	2	1
f10_30	2	1
f10_29	2	1
ID_46_F1_3_F2_10_G_4_SplitPt_122_GenID_0	2	1
f10_26	2	1
f2_19	2	2
f2_17	2	2
f2_18	2	2
ID_45_F1_2_F2_0_G_4_SplitPt_198_GenID_0	3	0	1	198	200	500	199
f2_17	3	1
f2_16	3	1
f0_19	3	2
f0_16	3	2
f0_18	3	2
f0_17	3	2
ID_7_F1_13_F2_14_G_4_SplitPt_109_GenID_0	4	0	2	110	111	500	110
f13_11	4	1
f13_9	4	1
f13_8	4	1
f14_21	4	2
f14_20	4	2
ID_59_F1_17_F2_14_G_4_SplitPt_180_GenID_0	4	2
ID_59_F1_17_F2_14_G_4_SplitPt_180_GenID_0	5	0	181	500	1	180	180
ID_7_F1_13_F2_14_G_4_SplitPt_109_GenID_0	5	1
f14_21	5	1
f14_20	5	1
f17_31	5	2
f17_30	5	2
ID_2_F1_11_F2_4_G_4_SplitPt_52_GenID_0	6	0	51	500	1	55	53
f4_19	6	1
f4_16	6	1
f4_18	6	1
f11_7	6	2
f11_6	6	2
f11_7	7	0	1	51	122	500	86
f11_6	7	0	1	60	123	499	91
ID_2_F1_11_F2_4_G_4_SplitPt_52_GenID_0	7	1
ID_33_F1_18_F2_11_G_4_SplitPt_121_GenID_0	7	2
ID_33_F1_18_F2_11_G_4_SplitPt_121_GenID_0	8	0	122	500	1	135	128
f11_7	8	1
f11_5	8	1
f11_6	8	1
f18_3	8	2
f18_0	8	2
f18_1	8	2
ID_57_F1_2_F2_9_G_4_SplitPt_103_GenID_0	9	0	3	100	100	499	100
f2_31	9	1
f9_23	9	2
f9_22	9	2
ID_57_F1_2_F2_9_G_4_SplitPt_103_GenID_0	9	0	2	100	100	499	100
f2_29	9	1
f2_25	9	1
f2_24	9	1
f2_28	9	1
f9_23	9	2
f9_22	9	2
ID_32_F1_3_F2_2_G_4_SplitPt_249_GenID_0	10	0	250	500	1	249	249
f2_11	10	1
f2_10	10	1
f3_19	10	2
f3_16	10	2
f3_18	10	2
f3_17	10	2
ID_15_F1_12_F2_16_G_3_SplitPt_85_GenID_0	11	0	82	497	5	89	85
f16_3	11	1
f16_2	11	1
f12_15	11	2
f12_14	11	2
ID_40_F1_18_F2_1_G_3_SplitPt_219_GenID_0	12	0	1	218	220	498	219
f18_15	12	1
f18_14	12	1
f1_29	12	2
f1_28	12	2
ID_9_F1_6_F2_9_G_3_SplitPt_54_GenID_0	13	0	1	51	55	497	53
f6_23	13	1
f6_22	13	1
f9_29	13	2
f9_28	13	2
ID_20_F1_4_F2_12_G_4_SplitPt_150_GenID_0	14	0	2	149	142	500	145
f4_27	14	1
f4_25	14	1
f4_26	14	1
f12_23	14	2
f12_20	14	2
f12_22	14	2
f12_21	14	2
ID_30_F1_19_F2_4_G_3_SplitPt_132_GenID_0	15	0	133	499	1	133	133
f4_5	15	1
f4_4	15	1
f19_23	15	2
f19_22	15	2
f19_19	15	2
