gene_id	fusion_event	family_number	start_med_align1	end_med_align1	start_med_align2	end_med_align2	break_point
f18_1	0	0	141	500	2	148	144
f18_0	0	0	144	496	1	154	149
ID_119_F1_9_F2_18_G_4_SplitPt_140_GenID_0	0	1
ID_116_F1_18_F2_11_G_4_SplitPt_142_GenID_0	0	2
ID_116_F1_18_F2_11_G_4_SplitPt_142_GenID_0	1	0	1	151	141	496	146
f18_1	1	1
f18_0	1	1
f11_19	1	2
f11_18	1	2
ID_119_F1_9_F2_18_G_4_SplitPt_140_GenID_0	2	0	142	498	1	140	141
f18_1	2	1
f18_0	2	1
f9_14	2	2
ID_98_F1_4_F2_3_G_4_SplitPt_109_GenID_0	3	0	2	80	103	498	91
f4_15	3	1
f4_14	3	1
f3_15	3	2
f3_14	3	2
ID_65_F1_2_F2_4_G_4_SplitPt_105_GenID_0	4	0	106	500	1	122	114
f4_13	4	1
f4_12	4	1
f2_13	4	2
f2_12	4	2
ID_17_F1_14_F2_2_G_4_SplitPt_193_GenID_0	5	0	1	195	193	499	194
f14_23	5	1
f14_22	5	1
f2_3	5	2
f2_2	5	2
ID_74_F1_18_F2_2_G_4_SplitPt_70_GenID_0	6	0	1	70	60	500	65
f18_13	6	1
f18_12	6	1
f2_25	6	2
f2_24	6	2
ID_62_F1_3_F2_18_G_3_SplitPt_168_GenID_0	7	0	163	498	14	167	165
f18_16	7	1
f3_5	7	2
f3_4	7	2
ID_26_F1_18_F2_7_G_4_SplitPt_198_GenID_0	8	0	1	198	185	499	191
f18_23	8	1
f18_22	8	1
f7_31	8	2
f7_30	8	2
ID_21_F1_3_F2_1_G_4_SplitPt_142_GenID_0	9	0	141	500	1	148	144
f1_31	9	1
f1_30	9	1
f3_11	9	2
f3_10	9	2
ID_72_F1_7_F2_7_G_4_SplitPt_216_GenID_0	10	0	1	216	215	500	215
ID_109_F1_7_F2_11_G_3_SplitPt_135_GenID_0	10	1
f7_19	10	1
f7_18	10	1
f7_13	10	2
f7_12	10	2
ID_53_F1_10_F2_6_G_4_SplitPt_149_GenID_0	11	0	1	151	150	500	150
f10_23	11	1
f10_22	11	1
f6_25	11	2
ID_123_F1_8_F2_13_G_4_SplitPt_166_GenID_0	12	0	1	171	160	500	165
f8_15	12	1
f8_14	12	1
f13_25	12	2
f13_24	12	2
ID_22_F1_7_F2_17_G_4_SplitPt_187_GenID_0	13	0	189	500	1	187	188
f17_3	13	1
f17_2	13	1
f7_25	13	2
f7_24	13	2
ID_5_F1_12_F2_6_G_4_SplitPt_95_GenID_0	14	0	82	500	1	93	87
f6_27	14	1
f6_26	14	1
f12_7	14	2
f12_6	14	2
ID_32_F1_4_F2_11_G_4_SplitPt_170_GenID_0	15	0	1	172	166	499	169
f4_11	15	1
f4_10	15	1
f11_1	15	2
f11_0	15	2
ID_111_F1_6_F2_2_G_4_SplitPt_92_GenID_0	16	0	1	94	93	499	93
f6_29	16	1
f6_28	16	1
f2_7	16	2
f2_6	16	2
ID_25_F1_9_F2_15_G_4_SplitPt_88_GenID_0	17	0	84	498	3	88	86
f15_11	17	1
f15_10	17	1
f9_21	17	2
f9_20	17	2
ID_118_F1_17_F2_11_G_4_SplitPt_88_GenID_0	18	0	1	92	108	493	100
f17_11	18	1
f17_10	18	1
f11_14	18	2
ID_118_F1_17_F2_11_G_4_SplitPt_88_GenID_0	18	0	1	92	89	499	90
f17_11	18	1
f17_10	18	1
f11_11	18	2
f11_10	18	2
ID_45_F1_14_F2_19_G_4_SplitPt_58_GenID_0	18	0	1	58	54	500	56
f14_19	18	1
f14_18	18	1
f19_11	18	2
f19_10	18	2
ID_58_F1_5_F2_2_G_4_SplitPt_168_GenID_0	19	0	1	170	168	500	169
f5_5	19	1
f5_4	19	1
f2_1	19	2
f2_0	19	2
ID_115_F1_4_F2_12_G_4_SplitPt_63_GenID_0	20	0	1	63	62	500	62
f4_23	20	1
f4_22	20	1
f12_5	20	2
f12_4	20	2
ID_20_F1_14_F2_6_G_4_SplitPt_229_GenID_0	21	0	218	499	1	229	223
f6_23	21	1
f6_22	21	1
f14_29	21	2
f14_28	21	2
