gene_id	fusion_event	family_number	start_med_align1	end_med_align1	start_med_align2	end_med_align2	break_point
ID_76_F1_5_F2_18_G_4_SplitPt_185_GenID_0	0	0	171	499	1	182	176
f18_9	0	1
f18_8	0	1
f5_23	0	2
f5_22	0	2
ID_76_F1_5_F2_18_G_4_SplitPt_185_GenID_0	0	0	171	499	2	169	170
f18_9	0	1
f18_8	0	1
f5_20	0	2
ID_81_F1_4_F2_19_G_3_SplitPt_79_GenID_0	0	0	4	90	82	496	86
f4_31	0	1
f19_1	0	2
f19_0	0	2
ID_98_F1_12_F2_0_G_3_SplitPt_196_GenID_0	1	0	4	193	199	499	196
f12_12	1	1
f0_13	1	2
f0_12	1	2
ID_84_F1_6_F2_0_G_3_SplitPt_63_GenID_0	2	0	66	497	2	64	65
f0_7	2	1
f0_6	2	1
f6_17	2	2
f6_16	2	2
f6_17	3	0	3	63	233	500	148
f6_16	3	0	1	66	237	500	151
ID_84_F1_6_F2_0_G_3_SplitPt_63_GenID_0	3	1
ID_75_F1_9_F2_6_G_3_SplitPt_235_GenID_0	3	2
ID_25_F1_17_F2_6_G_3_SplitPt_140_GenID_0	4	0	322	383	2	141	231
f6_17	4	1
f17_25	4	2
ID_25_F1_17_F2_6_G_3_SplitPt_140_GenID_0	4	0	146	499	2	141	143
f6_23	4	1
f17_25	4	2
ID_80_F1_0_F2_17_G_3_SplitPt_221_GenID_0	5	0	220	500	4	222	221
f17_25	5	1
f17_24	5	1
f0_3	5	2
f0_2	5	2
ID_75_F1_9_F2_6_G_3_SplitPt_235_GenID_0	6	0	235	500	4	230	232
f6_17	6	1
f6_16	6	1
f9_1	6	2
f9_0	6	2
ID_23_F1_1_F2_9_G_3_SplitPt_180_GenID_0	7	0	1	178	192	500	185
f1_24	7	1
f9_23	7	2
ID_125_F1_9_F2_17_G_3_SplitPt_144_GenID_0	8	0	1	143	126	496	134
f9_23	8	1
f9_22	8	1
f17_27	8	2
f17_26	8	2
f17_26	9	0	73	499	1	64	68
ID_125_F1_9_F2_17_G_3_SplitPt_144_GenID_0	9	1
f17_27	9	1
ID_107_F1_17_F2_4_G_4_SplitPt_51_GenID_0	9	2
ID_107_F1_17_F2_4_G_4_SplitPt_51_GenID_0	10	0	1	66	50	497	58
f17_26	10	1
f4_3	10	2
f4_2	10	2
ID_50_F1_5_F2_15_G_4_SplitPt_151_GenID_0	11	0	153	499	1	165	159
f15_1	11	1
f15_0	11	1
f5_11	11	2
f5_10	11	2
ID_41_F1_15_F2_17_G_4_SplitPt_105_GenID_0	12	0	1	106	105	500	105
f15_21	12	1
f15_17	12	1
f15_16	12	1
f17_3	12	2
f17_2	12	2
ID_52_F1_14_F2_2_G_4_SplitPt_139_GenID_0	13	0	1	139	139	500	139
f14_6	13	1
f14_5	13	1
f14_4	13	1
f2_17	13	2
f2_16	13	2
ID_86_F1_16_F2_4_G_3_SplitPt_97_GenID_0	14	0	92	498	1	97	94
f4_4	14	1
f16_3	14	2
ID_89_F1_13_F2_17_G_3_SplitPt_249_GenID_0	15	0	235	498	2	247	241
f17_9	15	1
f13_5	15	2
f13_4	15	2
ID_94_F1_9_F2_3_G_3_SplitPt_86_GenID_0	16	0	2	90	88	499	89
f9_4	16	1
f3_9	16	2
f3_8	16	2
ID_117_F1_19_F2_1_G_3_SplitPt_66_GenID_0	17	0	66	499	3	63	64
f1_1	17	1
f1_0	17	1
f19_4	17	2
ID_42_F1_0_F2_11_G_4_SplitPt_182_GenID_0	18	0	1	182	183	498	182
f0_1	18	1
f0_0	18	1
f11_11	18	2
f11_9	18	2
f11_10	18	2
f11_8	18	2
ID_105_F1_8_F2_6_G_4_SplitPt_198_GenID_0	19	0	200	500	1	199	199
f6_7	19	1
f6_6	19	1
f8_11	19	2
f8_10	19	2
ID_16_F1_13_F2_15_G_4_SplitPt_70_GenID_0	20	0	74	500	1	72	73
f15_27	20	1
f15_14	20	1
f15_15	20	1
f13_15	20	2
f13_14	20	2
ID_121_F1_16_F2_9_G_4_SplitPt_165_GenID_0	21	0	1	165	166	500	165
f16_9	21	1
f16_8	21	1
f9_13	21	2
f9_12	21	2
ID_97_F1_11_F2_10_G_4_SplitPt_64_GenID_0	22	0	65	499	1	67	66
f10_31	22	1
f10_30	22	1
f11_27	22	2
f11_26	22	2
ID_77_F1_3_F2_4_G_3_SplitPt_152_GenID_0	23	0	152	500	5	165	158
f4_20	23	1
f3_13	23	2
f3_12	23	2
ID_116_F1_2_F2_3_G_3_SplitPt_111_GenID_0	24	0	8	111	112	496	111
f2_12	24	1
f3_3	24	2
f3_2	24	2
ID_93_F1_16_F2_12_G_3_SplitPt_132_GenID_0	25	0	2	127	134	498	130
f16_1	25	1
f16_0	25	1
f12_11	25	2
f12_10	25	2
f12_11	26	0	68	499	1	84	76
ID_93_F1_16_F2_12_G_3_SplitPt_132_GenID_0	26	1
f12_10	26	1
ID_96_F1_12_F2_12_G_3_SplitPt_81_GenID_0	26	2
ID_51_F1_17_F2_14_G_4_SplitPt_103_GenID_0	27	0	1	104	103	500	103
f17_11	27	1
f17_10	27	1
f14_25	27	2
f14_24	27	2
ID_111_F1_14_F2_2_G_4_SplitPt_80_GenID_0	28	0	1	83	81	493	82
f14_19	28	1
f14_18	28	1
f2_29	28	2
ID_3_F1_2_F2_3_G_4_SplitPt_122_GenID_0	28	2
f2_28	28	2
ID_3_F1_2_F2_3_G_4_SplitPt_122_GenID_0	29	0	1	122	123	500	122
ID_111_F1_14_F2_2_G_4_SplitPt_80_GenID_0	29	1
f2_29	29	1
f2_28	29	1
f3_17	29	2
f3_16	29	2
ID_47_F1_12_F2_12_G_3_SplitPt_137_GenID_0	30	0	2	155	141	500	148
f12_17	30	1
f12_16	30	1
f12_14	30	2
ID_122_F1_7_F2_19_G_4_SplitPt_147_GenID_0	31	0	139	500	1	143	141
f19_31	31	1
f19_28	31	1
f19_30	31	1
f19_29	31	1
f7_28	31	2
ID_57_F1_0_F2_2_G_3_SplitPt_89_GenID_0	31	0	2	90	79	499	84
f0_16	31	1
f2_31	31	2
f2_30	31	2
ID_114_F1_19_F2_14_G_4_SplitPt_129_GenID_0	32	0	131	499	2	144	137
f14_11	32	1
f14_10	32	1
f19_27	32	2
f19_26	32	2
