gene_id	fusion_event	family_number	start_med_align1	end_med_align1	start_med_align2	end_med_align2	break_point
f3_31	0	0	1	232	217	500	224
ID_62_F1_3_F2_10_G_2_SplitPt_240_GenID_0	0	1
ID_58_F1_11_F2_3_G_3_SplitPt_214_GenID_0	0	2
f0_11	1	0	1	160	198	498	179
f0_10	1	0	1	165	193	500	179
f0_9	1	0	1	192	200	494	196
ID_79_F1_0_F2_10_G_2_SplitPt_169_GenID_0	1	1
ID_52_F1_0_F2_1_G_4_SplitPt_154_GenID_0	1	1
f0_8	1	1
ID_39_F1_7_F2_0_G_3_SplitPt_193_GenID_0	1	2
ID_3_F1_9_F2_16_G_2_SplitPt_76_GenID_0	2	0	73	500	1	78	75
f16_23	2	1
f16_21	2	1
f16_22	2	1
ID_91_F1_9_F2_16_G_4_SplitPt_183_GenID_0	2	1
f16_20	2	1
f9_31	2	2
f9_28	2	2
f9_30	2	2
f9_29	2	2
ID_84_F1_16_F2_4_G_4_SplitPt_94_GenID_0	3	0	1	106	92	500	99
f16_2	3	1
f16_21	3	1
f16_1	3	1
f16_3	3	1
f16_0	3	1
f4_31	3	2
f4_29	3	2
f4_30	3	2
f4_28	3	2
ID_84_F1_16_F2_4_G_4_SplitPt_94_GenID_0	3	0	92	500	12	84	88
f4_31	3	1
f4_29	3	1
f4_30	3	1
f4_28	3	1
f16_4	3	2
ID_124_F1_8_F2_10_G_2_SplitPt_247_GenID_0	4	0	247	495	3	248	247
f10_21	4	1
f10_16	4	1
f10_20	4	1
f10_19	4	1
f10_17	4	1
f10_18	4	1
f8_3	4	2
f8_2	4	2
f8_1	4	2
f8_0	4	2
ID_15_F1_8_F2_1_G_2_SplitPt_94_GenID_0	5	0	2	95	95	500	95
f8_3	5	1
f8_2	5	1
f8_1	5	1
ID_46_F1_8_F2_9_G_1_SplitPt_142_GenID_0	5	1
f8_0	5	1
f1_7	5	2
f1_4	5	2
f1_6	5	2
f1_5	5	2
ID_39_F1_7_F2_0_G_3_SplitPt_193_GenID_0	6	0	198	498	1	193	195
f0_11	6	1
f0_10	6	1
f0_9	6	1
f7_31	6	2
f7_28	6	2
f7_30	6	2
f7_29	6	2
ID_88_F1_6_F2_18_G_4_SplitPt_179_GenID_0	7	0	180	499	2	179	179
ID_108_F1_7_F2_18_G_4_SplitPt_226_GenID_0	7	1
f18_19	7	1
f18_18	7	1
f18_20	7	1
f18_29	7	1
ID_12_F1_1_F2_18_G_4_SplitPt_197_GenID_0	7	1
f18_28	7	1
f18_6	7	1
f18_17	7	1
f18_16	7	1
f6_12	7	2
ID_88_F1_6_F2_18_G_4_SplitPt_179_GenID_0	7	0	180	499	2	181	180
ID_108_F1_7_F2_18_G_4_SplitPt_226_GenID_0	7	1
f18_19	7	1
f18_18	7	1
f18_20	7	1
f18_29	7	1
ID_12_F1_1_F2_18_G_4_SplitPt_197_GenID_0	7	1
f18_28	7	1
f18_6	7	1
f18_17	7	1
f18_16	7	1
f6_11	7	2
f6_9	7	2
f6_10	7	2
f6_8	7	2
ID_61_F1_19_F2_9_G_4_SplitPt_97_GenID_0	7	0	98	499	2	97	97
f9_1	7	1
f9_3	7	1
ID_66_F1_14_F2_9_G_3_SplitPt_205_GenID_0	7	1
f9_2	7	1
f9_0	7	1
f19_7	7	2
f19_6	7	2
f19_3	7	2
f19_1	7	2
f19_2	7	2
f19_0	7	2
ID_116_F1_2_F2_17_G_3_SplitPt_208_GenID_0	8	0	1	207	209	499	208
ID_76_F1_2_F2_16_G_2_SplitPt_179_GenID_0	8	1
f2_28	8	1
ID_71_F1_2_F2_16_G_3_SplitPt_149_GenID_0	8	1
f2_27	8	1
f2_29	8	1
f2_26	8	1
f2_25	8	1
f2_24	8	1
f17_11	8	2
f17_8	8	2
f17_9	8	2
ID_62_F1_3_F2_10_G_2_SplitPt_240_GenID_0	9	0	1	236	241	499	238
f3_31	9	1
ID_81_F1_3_F2_16_G_3_SplitPt_106_GenID_0	9	1
f3_29	9	1
f3_30	9	1
f3_28	9	1
f10_26	9	2
f10_25	9	2
f10_24	9	2
ID_58_F1_11_F2_3_G_3_SplitPt_214_GenID_0	10	0	216	500	1	219	217
f3_31	10	1
f3_29	10	1
f3_30	10	1
f3_28	10	1
f11_23	10	2
f11_22	10	2
ID_23_F1_11_F2_8_G_3_SplitPt_185_GenID_0	11	0	1	183	186	499	184
f11_3	11	1
f11_2	11	1
f8_28	11	2
f8_24	11	2
f8_25	11	2
f8_27	11	2
f8_26	11	2
ID_36_F1_12_F2_1_G_3_SplitPt_212_GenID_0	12	0	215	357	3	212	213
f1_12	12	1
f12_28	12	2
ID_36_F1_12_F2_1_G_3_SplitPt_212_GenID_0	12	0	215	357	3	212	213
f1_12	12	1
f12_18	12	2
f12_21	12	2
f12_17	12	2
f12_20	12	2
f12_16	12	2
ID_36_F1_12_F2_1_G_3_SplitPt_212_GenID_0	12	0	215	357	60	212	213
f1_12	12	1
ID_7_F1_6_F2_12_G_0_SplitPt_57_GenID_0	12	2
ID_36_F1_12_F2_1_G_3_SplitPt_212_GenID_0	12	0	3	212	204	499	208
f12_28	12	1
f1_10	12	2
f1_8	12	2
f1_9	12	2
ID_36_F1_12_F2_1_G_3_SplitPt_212_GenID_0	12	0	3	212	204	499	208
f12_18	12	1
f12_21	12	1
f12_17	12	1
f12_20	12	1
f12_16	12	1
f1_10	12	2
f1_8	12	2
f1_9	12	2
ID_36_F1_12_F2_1_G_3_SplitPt_212_GenID_0	12	0	204	499	60	212	208
f1_10	12	1
f1_8	12	1
f1_9	12	1
ID_7_F1_6_F2_12_G_0_SplitPt_57_GenID_0	12	2
ID_45_F1_1_F2_5_G_4_SplitPt_120_GenID_0	13	0	122	499	1	128	125
f5_7	13	1
f5_2	13	1
f5_3	13	1
f5_0	13	1
f5_1	13	1
f5_5	13	1
f1_23	13	2
f1_21	13	2
f1_22	13	2
f1_20	13	2
ID_56_F1_18_F2_11_G_2_SplitPt_164_GenID_0	14	0	4	165	166	498	165
f18_19	14	1
f18_18	14	1
f11_15	14	2
f11_14	14	2
f11_12	14	2
f11_13	14	2
ID_101_F1_11_F2_17_G_4_SplitPt_189_GenID_0	15	0	3	195	190	498	192
f11_15	15	1
f11_14	15	1
f11_12	15	1
f11_13	15	1
f17_15	15	2
f17_14	15	2
f17_13	15	2
f17_12	15	2
f17_15	16	0	100	499	2	115	107
ID_101_F1_11_F2_17_G_4_SplitPt_189_GenID_0	16	1
f17_12	16	1
ID_49_F1_17_F2_7_G_2_SplitPt_112_GenID_0	16	2
ID_10_F1_16_F2_4_G_3_SplitPt_118_GenID_0	17	0	1	119	119	496	119
f16_13	17	1
f16_12	17	1
f4_19	17	2
f4_17	17	2
f4_18	17	2
f4_16	17	2
ID_104_F1_13_F2_11_G_3_SplitPt_154_GenID_0	18	0	154	499	1	150	152
f11_27	18	1
f11_25	18	1
f11_26	18	1
f11_24	18	1
f13_11	18	2
f13_9	18	2
f13_10	18	2
f13_8	18	2
