gene_id	fusion_event	family_number	start_med_align1	end_med_align1	start_med_align2	end_med_align2	break_point
f15_9	0	0	1	155	191	500	173
f15_8	0	0	1	159	190	500	174
ID_408_F1_7_F2_15_G_4_SplitPt_73_GenID_0	0	0	78	141	191	500	166
ID_352_F1_15_F2_5_G_3_SplitPt_142_GenID_0	0	1
ID_70_F1_3_F2_15_G_3_SplitPt_188_GenID_0	0	2
f10_19	1	0	1	160	178	499	169
f10_18	1	0	1	160	178	500	169
f10_16	1	0	1	157	178	499	167
f10_17	1	0	1	157	179	499	168
ID_333_F1_10_F2_11_G_4_SplitPt_148_GenID_0	1	1
ID_47_F1_17_F2_10_G_4_SplitPt_177_GenID_0	1	2
f2_3	2	0	9	79	64	496	71
f2_0	2	0	3	72	59	500	65
ID_149_F1_2_F2_5_G_2_SplitPt_74_GenID_0	2	1
f2_1	2	2
ID_209_F1_3_F2_2_G_4_SplitPt_117_GenID_0	2	2
f5_27	3	0	16	119	171	499	145
f5_26	3	0	1	114	167	499	140
ID_411_F1_5_F2_1_G_4_SplitPt_126_GenID_0	3	1
ID_292_F1_4_F2_5_G_3_SplitPt_171_GenID_0	3	2
ID_468_F1_10_F2_18_G_3_SplitPt_180_GenID_0	3	0	1	187	173	499	180
f10_25	3	1
f10_24	3	1
f18_13	3	2
f18_12	3	2
ID_181_F1_6_F2_18_G_3_SplitPt_217_GenID_0	4	0	214	499	2	217	215
f18_13	4	1
f18_12	4	1
f6_9	4	2
f6_8	4	2
ID_469_F1_8_F2_19_G_4_SplitPt_222_GenID_0	5	0	3	222	220	500	221
f8_27	5	1
f8_26	5	1
ID_216_F1_7_F2_8_G_4_SplitPt_59_GenID_0	5	1
f8_25	5	1
ID_339_F1_13_F2_8_G_3_SplitPt_178_GenID_0	5	1
f8_24	5	1
f19_10	5	2
f19_9	5	2
f19_8	5	2
ID_484_F1_16_F2_2_G_4_SplitPt_213_GenID_0	6	0	214	500	1	212	213
ID_160_F1_15_F2_2_G_3_SplitPt_139_GenID_0	6	1
f2_19	6	1
f2_18	6	1
f16_17	6	2
f16_16	6	2
ID_484_F1_16_F2_2_G_4_SplitPt_213_GenID_0	6	0	1	212	214	496	213
f16_17	6	1
f16_16	6	1
f2_16	6	2
ID_203_F1_18_F2_8_G_3_SplitPt_187_GenID_0	7	0	188	499	1	189	188
f8_31	7	1
ID_97_F1_8_F2_8_G_3_SplitPt_238_GenID_0	7	1
f8_30	7	1
f18_23	7	2
f18_22	7	2
ID_419_F1_18_F2_8_G_3_SplitPt_182_GenID_0	8	0	4	186	182	498	184
f18_21	8	1
f18_20	8	1
f8_19	8	2
f8_18	8	2
ID_81_F1_3_F2_0_G_4_SplitPt_73_GenID_0	9	0	1	66	74	500	70
f3_31	9	1
f0_2	9	2
f0_0	9	2
f0_1	9	2
ID_81_F1_3_F2_0_G_4_SplitPt_73_GenID_0	9	0	74	500	4	72	73
f0_2	9	1
f0_0	9	1
f0_1	9	1
f3_13	9	2
f3_12	9	2
ID_81_F1_3_F2_0_G_4_SplitPt_73_GenID_0	9	0	74	500	1	73	73
f0_2	9	1
f0_0	9	1
f0_1	9	1
f3_6	9	2
f12_12	9	0	90	500	2	82	86
f12_13	9	1
ID_353_F1_10_F2_12_G_4_SplitPt_182_GenID_0	9	1
ID_448_F1_12_F2_5_G_3_SplitPt_84_GenID_0	9	2
ID_162_F1_6_F2_16_G_3_SplitPt_177_GenID_0	10	0	181	500	2	183	182
f16_11	10	1
f16_10	10	1
ID_142_F1_7_F2_16_G_4_SplitPt_211_GenID_0	10	1
ID_397_F1_13_F2_16_G_4_SplitPt_182_GenID_0	10	1
f6_25	10	2
f6_24	10	2
ID_139_F1_4_F2_5_G_4_SplitPt_170_GenID_0	11	0	171	500	1	169	170
f5_31	11	1
f5_28	11	1
f5_29	11	1
f5_30	11	1
f4_27	11	2
f4_24	11	2
f4_26	11	2
f4_25	11	2
ID_139_F1_4_F2_5_G_4_SplitPt_170_GenID_0	11	0	1	169	176	500	172
f4_27	11	1
f4_24	11	1
f4_26	11	1
f4_25	11	1
ID_428_F1_1_F2_5_G_2_SplitPt_129_GenID_0	11	2
f10_8	12	0	1	96	146	500	121
ID_270_F1_10_F2_14_G_2_SplitPt_96_GenID_0	12	1
ID_493_F1_15_F2_10_G_2_SplitPt_143_GenID_0	12	2
f10_8	12	0	1	147	146	500	146
ID_76_F1_10_F2_13_G_2_SplitPt_147_GenID_0	12	1
ID_493_F1_15_F2_10_G_2_SplitPt_143_GenID_0	12	2
ID_47_F1_17_F2_10_G_4_SplitPt_177_GenID_0	13	0	178	499	1	183	180
f10_19	13	1
f10_18	13	1
f10_16	13	1
f10_17	13	1
f17_19	13	2
f17_16	13	2
f17_17	13	2
ID_47_F1_17_F2_10_G_4_SplitPt_177_GenID_0	13	0	178	499	1	185	181
f10_19	13	1
f10_18	13	1
f10_16	13	1
f10_17	13	1
ID_302_F1_17_F2_15_G_2_SplitPt_247_GenID_0	13	2
ID_213_F1_3_F2_14_G_3_SplitPt_239_GenID_0	13	0	238	500	1	244	241
f14_25	13	1
f14_24	13	1
f3_17	13	2
f3_16	13	2
ID_386_F1_8_F2_3_G_4_SplitPt_204_GenID_0	14	0	205	497	1	204	204
f3_9	14	1
f3_11	14	1
ID_401_F1_3_F2_8_G_4_SplitPt_233_GenID_0	14	1
f3_10	14	1
f3_8	14	1
ID_301_F1_14_F2_8_G_3_SplitPt_147_GenID_0	14	2
f8_23	14	2
f8_22	14	2
ID_386_F1_8_F2_3_G_4_SplitPt_204_GenID_0	14	0	205	497	1	204	204
f3_9	14	1
f3_11	14	1
ID_401_F1_3_F2_8_G_4_SplitPt_233_GenID_0	14	1
f3_10	14	1
f3_8	14	1
f8_21	14	2
ID_171_F1_18_F2_2_G_3_SplitPt_243_GenID_0	14	0	244	499	1	245	244
f2_11	14	1
f2_10	14	1
f18_31	14	2
f18_30	14	2
ID_30_F1_15_F2_5_G_3_SplitPt_141_GenID_0	15	0	142	500	9	158	150
ID_372_F1_1_F2_5_G_4_SplitPt_135_GenID_0	15	1
f5_17	15	1
ID_223_F1_13_F2_5_G_4_SplitPt_162_GenID_0	15	1
f5_16	15	1
f15_29	15	2
f15_28	15	2
ID_70_F1_3_F2_15_G_3_SplitPt_188_GenID_0	16	0	191	500	1	193	192
f15_9	16	1
f15_8	16	1
ID_408_F1_7_F2_15_G_4_SplitPt_73_GenID_0	16	1
f3_27	16	2
f3_26	16	2
ID_190_F1_4_F2_13_G_4_SplitPt_210_GenID_0	17	0	193	499	2	212	202
ID_110_F1_19_F2_13_G_3_SplitPt_185_GenID_0	17	1
f13_19	17	1
f13_17	17	1
f13_16	17	1
f4_19	17	2
ID_450_F1_6_F2_4_G_4_SplitPt_117_GenID_0	17	2
f4_18	17	2
ID_190_F1_4_F2_13_G_4_SplitPt_210_GenID_0	17	0	193	499	150	212	202
ID_110_F1_19_F2_13_G_3_SplitPt_185_GenID_0	17	1
f13_19	17	1
f13_17	17	1
f13_16	17	1
ID_327_F1_6_F2_4_G_2_SplitPt_139_GenID_0	17	2
ID_450_F1_6_F2_4_G_4_SplitPt_117_GenID_0	17	0	118	500	1	117	117
ID_190_F1_4_F2_13_G_4_SplitPt_210_GenID_0	17	1
f4_19	17	1
f4_18	17	1
f6_11	17	2
f6_10	17	2
ID_6_F1_11_F2_10_G_4_SplitPt_121_GenID_0	18	0	122	500	1	121	121
ID_435_F1_16_F2_10_G_3_SplitPt_211_GenID_0	18	1
f10_7	18	1
ID_137_F1_10_F2_19_G_4_SplitPt_146_GenID_0	18	1
f10_6	18	1
f10_5	18	1
f11_19	18	2
ID_121_F1_11_F2_11_G_4_SplitPt_168_GenID_0	18	2
f11_17	18	2
f11_16	18	2
ID_6_F1_11_F2_10_G_4_SplitPt_121_GenID_0	18	0	1	121	124	226	122
f11_19	18	1
ID_121_F1_11_F2_11_G_4_SplitPt_168_GenID_0	18	1
f11_17	18	1
f11_16	18	1
ID_328_F1_10_F2_19_G_2_SplitPt_224_GenID_0	18	2
ID_195_F1_5_F2_4_G_3_SplitPt_205_GenID_0	19	0	206	500	1	204	205
ID_287_F1_17_F2_4_G_4_SplitPt_176_GenID_0	19	1
f4_21	19	1
ID_133_F1_7_F2_4_G_3_SplitPt_223_GenID_0	19	1
f4_20	19	1
ID_138_F1_9_F2_4_G_4_SplitPt_167_GenID_0	19	1
f5_7	19	2
f5_6	19	2
ID_195_F1_5_F2_4_G_3_SplitPt_205_GenID_0	19	0	206	500	1	204	205
ID_287_F1_17_F2_4_G_4_SplitPt_176_GenID_0	19	1
f4_21	19	1
ID_133_F1_7_F2_4_G_3_SplitPt_223_GenID_0	19	1
f4_20	19	1
ID_138_F1_9_F2_4_G_4_SplitPt_167_GenID_0	19	1
f5_4	19	2
ID_195_F1_5_F2_4_G_3_SplitPt_205_GenID_0	19	0	206	500	105	204	205
ID_287_F1_17_F2_4_G_4_SplitPt_176_GenID_0	19	1
f4_21	19	1
ID_133_F1_7_F2_4_G_3_SplitPt_223_GenID_0	19	1
f4_20	19	1
ID_138_F1_9_F2_4_G_4_SplitPt_167_GenID_0	19	1
f5_3	19	2
ID_261_F1_0_F2_10_G_4_SplitPt_186_GenID_0	19	0	187	499	2	186	186
f10_0	19	1
f10_1	19	1
f0_15	19	2
f0_12	19	2
f0_13	19	2
ID_158_F1_5_F2_7_G_3_SplitPt_107_GenID_0	20	0	1	103	108	500	105
f5_3	20	1
f5_2	20	1
ID_244_F1_5_F2_14_G_4_SplitPt_62_GenID_0	20	1
f7_7	20	2
f7_6	20	2
ID_315_F1_3_F2_9_G_4_SplitPt_102_GenID_0	21	0	88	500	4	94	91
ID_138_F1_9_F2_4_G_4_SplitPt_167_GenID_0	21	1
f9_15	21	1
f9_13	21	1
f9_12	21	1
f3_19	21	2
ID_477_F1_3_F2_15_G_4_SplitPt_187_GenID_0	22	0	1	187	191	499	189
f3_13	22	1
ID_304_F1_3_F2_17_G_3_SplitPt_235_GenID_0	22	1
f3_12	22	1
f15_23	22	2
f15_20	22	2
f15_22	22	2
f15_21	22	2
ID_431_F1_2_F2_8_G_3_SplitPt_175_GenID_0	23	0	178	500	4	175	176
ID_401_F1_3_F2_8_G_4_SplitPt_233_GenID_0	23	1
f8_13	23	1
f8_12	23	1
f2_23	23	2
f2_22	23	2
ID_461_F1_12_F2_4_G_3_SplitPt_177_GenID_0	24	0	1	177	173	499	175
f12_31	24	1
f12_30	24	1
f4_5	24	2
f4_4	24	2
ID_256_F1_4_F2_17_G_4_SplitPt_143_GenID_0	25	0	1	143	144	500	143
f4_5	25	1
f4_6	25	1
f4_4	25	1
f17_27	25	2
f17_26	25	2
ID_506_F1_13_F2_16_G_3_SplitPt_66_GenID_0	26	0	67	499	1	63	65
ID_437_F1_16_F2_10_G_4_SplitPt_153_GenID_0	26	1
f16_2	26	1
f16_3	26	1
f13_3	26	2
f13_2	26	2
ID_286_F1_11_F2_18_G_4_SplitPt_177_GenID_0	27	0	1	182	174	500	178
f11_11	27	1
ID_388_F1_11_F2_16_G_4_SplitPt_74_GenID_0	27	1
f11_9	27	1
ID_430_F1_11_F2_16_G_2_SplitPt_165_GenID_0	27	1
f11_8	27	1
f18_18	27	2
f18_17	27	2
f18_16	27	2
ID_146_F1_2_F2_11_G_3_SplitPt_160_GenID_0	28	0	166	500	28	103	134
ID_2_F1_10_F2_11_G_4_SplitPt_108_GenID_0	28	1
f11_11	28	1
f11_10	28	1
ID_44_F1_2_F2_18_G_2_SplitPt_194_GenID_0	28	2
ID_280_F1_12_F2_2_G_4_SplitPt_81_GenID_0	28	0	82	499	1	81	81
f2_16	28	1
f2_17	28	1
ID_451_F1_2_F2_14_G_3_SplitPt_243_GenID_0	28	1
ID_335_F1_0_F2_2_G_3_SplitPt_224_GenID_0	28	1
f12_27	28	2
f12_25	28	2
f12_24	28	2
ID_409_F1_12_F2_1_G_4_SplitPt_193_GenID_0	29	0	1	201	193	499	197
f12_27	29	1
f12_26	29	1
ID_329_F1_12_F2_19_G_2_SplitPt_176_GenID_0	29	1
f12_25	29	1
f1_15	29	2
f1_14	29	2
ID_409_F1_12_F2_1_G_4_SplitPt_193_GenID_0	29	0	193	499	3	203	198
f1_15	29	1
f1_14	29	1
ID_206_F1_12_F2_12_G_3_SplitPt_183_GenID_0	29	2
ID_440_F1_4_F2_9_G_3_SplitPt_181_GenID_0	30	0	186	500	1	180	183
ID_460_F1_6_F2_9_G_3_SplitPt_211_GenID_0	30	1
f9_29	30	1
ID_41_F1_7_F2_9_G_4_SplitPt_123_GenID_0	30	1
ID_452_F1_10_F2_9_G_3_SplitPt_102_GenID_0	30	1
f9_28	30	1
f4_3	30	2
f4_2	30	2
f4_0	30	2
ID_340_F1_11_F2_12_G_3_SplitPt_141_GenID_0	31	0	140	499	1	138	139
f12_23	31	1
f12_22	31	1
f11_7	31	2
f11_6	31	2
ID_8_F1_13_F2_9_G_4_SplitPt_101_GenID_0	32	0	97	500	8	88	92
ID_398_F1_19_F2_9_G_4_SplitPt_78_GenID_0	32	1
f9_31	32	1
ID_382_F1_9_F2_0_G_4_SplitPt_182_GenID_0	32	1
f9_29	32	1
f9_30	32	1
f13_13	32	2
f13_12	32	2
ID_8_F1_13_F2_9_G_4_SplitPt_101_GenID_0	32	0	97	500	1	99	98
ID_398_F1_19_F2_9_G_4_SplitPt_78_GenID_0	32	1
f9_31	32	1
ID_382_F1_9_F2_0_G_4_SplitPt_182_GenID_0	32	1
f9_29	32	1
f9_30	32	1
f13_11	32	2
f13_10	32	2
f13_9	32	2
f13_8	32	2
ID_396_F1_14_F2_12_G_4_SplitPt_138_GenID_0	32	0	139	500	4	141	140
ID_459_F1_12_F2_4_G_4_SplitPt_199_GenID_0	32	1
f12_5	32	1
f12_4	32	1
f14_5	32	2
f14_4	32	2
ID_457_F1_14_F2_13_G_3_SplitPt_250_GenID_0	32	2
ID_396_F1_14_F2_12_G_4_SplitPt_138_GenID_0	32	0	145	500	4	141	143
f12_1	32	1
f14_5	32	2
f14_4	32	2
ID_457_F1_14_F2_13_G_3_SplitPt_250_GenID_0	32	2
f14_4	33	0	3	195	183	495	189
ID_396_F1_14_F2_12_G_4_SplitPt_138_GenID_0	33	1
ID_457_F1_14_F2_13_G_3_SplitPt_250_GenID_0	33	1
ID_361_F1_10_F2_14_G_3_SplitPt_182_GenID_0	33	2
ID_457_F1_14_F2_13_G_3_SplitPt_250_GenID_0	33	0	5	251	248	494	249
ID_396_F1_14_F2_12_G_4_SplitPt_138_GenID_0	33	1
f14_5	33	1
f14_4	33	1
f13_27	33	2
f13_26	33	2
ID_361_F1_10_F2_14_G_3_SplitPt_182_GenID_0	34	0	183	497	1	179	181
f14_5	34	1
f14_4	34	1
f10_29	34	2
f10_28	34	2
ID_141_F1_6_F2_4_G_4_SplitPt_65_GenID_0	35	0	68	500	1	65	66
ID_54_F1_7_F2_4_G_4_SplitPt_124_GenID_0	35	1
f4_11	35	1
f4_10	35	1
ID_467_F1_4_F2_8_G_3_SplitPt_206_GenID_0	35	1
f6_19	35	2
f6_18	35	2
ID_345_F1_8_F2_14_G_4_SplitPt_242_GenID_0	36	0	243	500	1	253	248
f14_23	36	1
f14_22	36	1
f14_21	36	1
ID_255_F1_15_F2_14_G_4_SplitPt_68_GenID_0	36	1
f14_20	36	1
ID_46_F1_1_F2_8_G_4_SplitPt_154_GenID_0	36	2
f8_1	36	2
f8_0	36	2
ID_345_F1_8_F2_14_G_4_SplitPt_242_GenID_0	36	0	243	500	1	246	244
f14_23	36	1
f14_22	36	1
f14_21	36	1
ID_255_F1_15_F2_14_G_4_SplitPt_68_GenID_0	36	1
f14_20	36	1
f8_3	36	2
f8_2	36	2
ID_345_F1_8_F2_14_G_4_SplitPt_242_GenID_0	36	0	1	253	244	473	248
ID_46_F1_1_F2_8_G_4_SplitPt_154_GenID_0	36	1
f8_1	36	1
f8_0	36	1
ID_336_F1_12_F2_14_G_2_SplitPt_164_GenID_0	36	2
ID_345_F1_8_F2_14_G_4_SplitPt_242_GenID_0	36	0	244	473	1	246	245
ID_336_F1_12_F2_14_G_2_SplitPt_164_GenID_0	36	1
f8_3	36	2
f8_2	36	2
ID_427_F1_19_F2_16_G_3_SplitPt_139_GenID_0	37	0	140	498	1	140	140
f16_9	37	1
f16_8	37	1
f19_25	37	2
f19_24	37	2
ID_185_F1_8_F2_3_G_4_SplitPt_140_GenID_0	38	0	1	141	133	500	137
f8_29	38	1
f8_28	38	1
f3_31	38	2
f3_30	38	2
ID_464_F1_15_F2_0_G_4_SplitPt_203_GenID_0	38	0	1	203	201	499	202
f15_2	38	1
f15_3	38	1
f15_0	38	1
f0_25	38	2
f0_24	38	2
ID_470_F1_7_F2_0_G_4_SplitPt_106_GenID_0	39	0	103	500	1	106	104
f0_27	39	1
f0_26	39	1
f7_15	39	2
f7_12	39	2
f7_14	39	2
f7_13	39	2
ID_276_F1_9_F2_1_G_3_SplitPt_168_GenID_0	40	0	158	498	1	163	160
f1_25	40	1
f1_24	40	1
f9_11	40	2
f9_10	40	2
