gene_id	fusion_event	family_number	start_med_align1	end_med_align1	start_med_align2	end_med_align2	break_point
ID_1_F1_13_F2_16_G_3_SplitPt_203_GenID_0	0	0	1	204	205	500	204
f13_5	0	1
f13_4	0	1
f16_14	0	2
f16_12	0	2
f16_13	0	2
ID_21_F1_10_F2_3_G_3_SplitPt_54_GenID_0	1	0	56	499	1	69	62
f3_27	1	1
f3_25	1	1
f3_26	1	1
f3_24	1	1
f10_19	1	2
f10_18	1	2
ID_48_F1_12_F2_9_G_3_SplitPt_175_GenID_0	2	0	1	181	176	497	178
f12_31	2	1
f12_28	2	1
f12_30	2	1
f12_29	2	1
f9_27	2	2
f9_26	2	2
f9_25	2	2
f9_24	2	2
ID_40_F1_3_F2_19_G_4_SplitPt_185_GenID_0	3	0	186	498	1	190	188
ID_17_F1_7_F2_19_G_4_SplitPt_156_GenID_0	3	1
f19_15	3	1
f19_14	3	1
f19_10	3	1
f19_11	3	1
f19_13	3	1
f19_12	3	1
f19_9	3	1
f19_8	3	1
f19_6	3	1
f3_11	3	2
f3_10	3	2
f3_8	3	2
f3_9	3	2
f3_11	4	0	1	189	185	500	187
f3_10	4	0	1	186	210	500	198
f3_8	4	0	1	224	205	500	214
f3_9	4	0	2	191	212	500	201
ID_40_F1_3_F2_19_G_4_SplitPt_185_GenID_0	4	1
ID_62_F1_2_F2_3_G_3_SplitPt_212_GenID_0	4	2
ID_62_F1_2_F2_3_G_3_SplitPt_212_GenID_0	5	0	205	500	1	220	212
f3_11	5	1
f3_10	5	1
f3_8	5	1
f3_9	5	1
f2_7	5	2
f2_1	5	2
f2_3	5	2
f2_0	5	2
f2_6	5	2
f2_2	5	2
f2_5	5	2
f2_4	5	2
ID_17_F1_7_F2_19_G_4_SplitPt_156_GenID_0	6	0	163	497	2	157	160
f19_15	6	1
ID_40_F1_3_F2_19_G_4_SplitPt_185_GenID_0	6	1
f19_14	6	1
f19_10	6	1
f19_11	6	1
f19_9	6	1
f19_8	6	1
f7_23	6	2
f7_22	6	2
f7_20	6	2
f7_21	6	2
f7_17	6	2
f7_16	6	2
ID_37_F1_6_F2_7_G_4_SplitPt_241_GenID_0	7	0	240	500	1	241	240
f7_23	7	1
f7_22	7	1
f7_20	7	1
f7_21	7	1
f7_16	7	1
f6_12	7	2
f6_4	7	2
f6_5	7	2
f6_6	7	2
f6_0	7	2
f6_3	7	2
f6_2	7	2
f6_1	7	2
ID_63_F1_6_F2_3_G_2_SplitPt_178_GenID_0	8	0	1	178	180	497	179
f6_17	8	1
f6_16	8	1
f6_18	8	1
f3_31	8	2
f3_29	8	2
f3_28	8	2
ID_38_F1_17_F2_7_G_2_SplitPt_223_GenID_0	9	0	224	500	1	226	225
f7_19	9	1
f7_17	9	1
f7_18	9	1
f7_16	9	1
f17_2	9	2
f17_1	9	2
ID_60_F1_8_F2_0_G_2_SplitPt_180_GenID_0	10	0	1	183	181	500	182
f8_7	10	1
f8_6	10	1
f8_4	10	1
f8_5	10	1
f0_31	10	2
f0_28	10	2
f0_30	10	2
f0_29	10	2
ID_58_F1_5_F2_11_G_2_SplitPt_98_GenID_0	11	0	2	93	99	496	96
f5_6	11	1
f5_5	11	1
f5_4	11	1
f5_2	11	1
f5_0	11	1
f5_1	11	1
f11_15	11	2
f11_14	11	2
ID_45_F1_11_F2_15_G_4_SplitPt_231_GenID_0	11	2
ID_45_F1_11_F2_15_G_4_SplitPt_231_GenID_0	12	0	2	231	234	496	232
ID_58_F1_5_F2_11_G_2_SplitPt_98_GenID_0	12	1
f11_14	12	1
f11_13	12	1
f11_11	12	1
f11_9	12	1
f11_10	12	1
f11_8	12	1
f15_11	12	2
ID_45_F1_11_F2_15_G_4_SplitPt_231_GenID_0	12	0	2	231	232	500	231
ID_58_F1_5_F2_11_G_2_SplitPt_98_GenID_0	12	1
f11_14	12	1
f11_13	12	1
f11_11	12	1
f11_9	12	1
f11_10	12	1
f11_8	12	1
f15_7	12	2
f15_2	12	2
f15_3	12	2
f15_1	12	2
f15_0	12	2
f15_5	12	2
ID_18_F1_15_F2_4_G_4_SplitPt_140_GenID_0	12	0	3	142	139	500	140
f15_8	12	1
f15_7	12	1
f15_2	12	1
f15_3	12	1
f15_1	12	1
f15_0	12	1
f15_4	12	1
f4_19	12	2
f4_17	12	2
f4_18	12	2
f4_16	12	2
ID_56_F1_13_F2_17_G_3_SplitPt_217_GenID_0	13	0	218	500	1	219	218
f17_2	13	1
f17_13	13	1
f17_15	13	1
f17_14	13	1
f17_12	13	1
f17_3	13	1
f13_30	13	2
f13_21	13	2
f13_23	13	2
f13_19	13	2
f13_22	13	2
f13_18	13	2
f13_17	13	2
f13_16	13	2
f13_20	13	2
ID_25_F1_1_F2_13_G_2_SplitPt_193_GenID_0	14	0	194	497	1	196	195
f13_30	14	1
f13_31	14	1
f1_15	14	2
f1_13	14	2
f1_14	14	2
f1_12	14	2
ID_29_F1_4_F2_11_G_3_SplitPt_98_GenID_0	15	0	2	90	99	496	94
f4_6	15	1
f11_23	15	2
f11_20	15	2
f11_21	15	2
f11_22	15	2
ID_29_F1_4_F2_11_G_3_SplitPt_98_GenID_0	15	0	2	98	99	496	98
f4_3	15	1
f4_0	15	1
f4_2	15	1
f11_23	15	2
f11_20	15	2
f11_21	15	2
f11_22	15	2
ID_49_F1_9_F2_14_G_4_SplitPt_228_GenID_0	16	0	229	499	2	230	229
f14_23	16	1
f14_20	16	1
f14_22	16	1
f14_21	16	1
f9_19	16	2
f9_17	16	2
f9_18	16	2
f9_16	16	2
ID_20_F1_9_F2_0_G_3_SplitPt_162_GenID_0	16	2
ID_20_F1_9_F2_0_G_3_SplitPt_162_GenID_0	17	0	3	157	156	498	156
ID_49_F1_9_F2_14_G_4_SplitPt_228_GenID_0	17	1
f9_19	17	1
f9_17	17	1
f9_16	17	1
f0_19	17	2
f0_17	17	2
f0_18	17	2
f0_16	17	2
ID_55_F1_3_F2_2_G_4_SplitPt_83_GenID_0	18	0	74	499	4	88	81
f2_23	18	1
f2_19	18	1
f2_21	18	1
f2_22	18	1
f2_20	18	1
f3_22	18	2
ID_55_F1_3_F2_2_G_4_SplitPt_83_GenID_0	18	0	74	499	3	88	81
f2_23	18	1
f2_19	18	1
f2_21	18	1
f2_22	18	1
f2_20	18	1
f3_19	18	2
f3_16	18	2
f3_18	18	2
f3_17	18	2
ID_53_F1_16_F2_0_G_4_SplitPt_249_GenID_0	18	0	249	500	1	254	251
f0_27	18	1
f0_25	18	1
f0_26	18	1
f0_24	18	1
f16_30	18	2
f16_19	18	2
f16_29	18	2
f16_26	18	2
f16_27	18	2
f16_24	18	2
f16_25	18	2
f16_21	18	2
f16_18	18	2
