gene_id	fusion_event	family_number	start_med_align1	end_med_align1	start_med_align2	end_med_align2	break_point
f7_13	0	0	110	499	9	121	115
ID_472_F1_11_F2_7_G_4_SplitPt_230_GenID_0	0	1
f7_12	0	1
ID_477_F1_7_F2_17_G_3_SplitPt_144_GenID_0	0	2
ID_477_F1_7_F2_17_G_3_SplitPt_144_GenID_0	1	0	9	121	138	499	129
f7_13	1	1
f17_25	1	2
ID_472_F1_11_F2_7_G_4_SplitPt_230_GenID_0	2	0	228	499	1	229	228
f7_13	2	1
f7_12	2	1
f11_5	2	2
f11_4	2	2
ID_192_F1_11_F2_5_G_4_SplitPt_124_GenID_0	2	2
f11_5	3	0	1	183	247	500	215
f11_4	3	0	1	192	246	500	219
ID_472_F1_11_F2_7_G_4_SplitPt_230_GenID_0	3	1
ID_192_F1_11_F2_5_G_4_SplitPt_124_GenID_0	3	1
ID_321_F1_3_F2_11_G_3_SplitPt_245_GenID_0	3	2
f11_5	4	0	1	365	357	439	361
ID_472_F1_11_F2_7_G_4_SplitPt_230_GenID_0	4	1
ID_321_F1_3_F2_11_G_3_SplitPt_245_GenID_0	4	1
f11_4	4	1
ID_192_F1_11_F2_5_G_4_SplitPt_124_GenID_0	4	1
f11_27	4	2
ID_347_F1_5_F2_11_G_4_SplitPt_74_GenID_0	4	2
f5_3	5	0	1	103	157	500	130
f5_2	5	0	1	74	157	500	115
ID_347_F1_5_F2_11_G_4_SplitPt_74_GenID_0	5	1
ID_71_F1_8_F2_5_G_4_SplitPt_97_GenID_0	5	2
ID_171_F1_8_F2_5_G_4_SplitPt_216_GenID_0	5	2
ID_171_F1_8_F2_5_G_4_SplitPt_216_GenID_0	6	0	217	500	1	227	222
f5_3	6	1
ID_71_F1_8_F2_5_G_4_SplitPt_97_GenID_0	6	1
f5_2	6	1
f8_27	6	2
f8_26	6	2
ID_71_F1_8_F2_5_G_4_SplitPt_97_GenID_0	7	0	98	500	1	97	97
f5_3	7	1
f5_2	7	1
ID_171_F1_8_F2_5_G_4_SplitPt_216_GenID_0	7	1
f8_5	7	2
f8_4	7	2
ID_192_F1_11_F2_5_G_4_SplitPt_124_GenID_0	8	0	1	136	125	500	130
ID_472_F1_11_F2_7_G_4_SplitPt_230_GenID_0	8	1
f11_5	8	1
f11_4	8	1
f5_17	8	2
f5_16	8	2
ID_321_F1_3_F2_11_G_3_SplitPt_245_GenID_0	9	0	246	500	2	261	253
f11_5	9	1
f11_4	9	1
f3_28	9	2
ID_479_F1_19_F2_1_G_4_SplitPt_155_GenID_0	10	0	1	155	141	500	148
ID_124_F1_3_F2_19_G_4_SplitPt_101_GenID_0	10	1
f19_7	10	1
f19_6	10	1
f1_31	10	2
f1_30	10	2
ID_437_F1_6_F2_1_G_4_SplitPt_202_GenID_0	11	0	1	209	203	499	206
ID_176_F1_6_F2_14_G_4_SplitPt_184_GenID_0	11	1
f6_23	11	1
f6_22	11	1
ID_131_F1_5_F2_6_G_4_SplitPt_146_GenID_0	11	1
f1_11	11	2
f1_10	11	2
ID_106_F1_13_F2_1_G_4_SplitPt_232_GenID_0	11	2
f1_11	12	0	218	499	3	127	172
f1_10	12	0	218	499	7	130	174
ID_437_F1_6_F2_1_G_4_SplitPt_202_GenID_0	12	1
ID_106_F1_13_F2_1_G_4_SplitPt_232_GenID_0	12	1
ID_11_F1_1_F2_9_G_3_SplitPt_130_GenID_0	12	2
ID_106_F1_13_F2_1_G_4_SplitPt_232_GenID_0	13	0	233	499	1	233	233
ID_437_F1_6_F2_1_G_4_SplitPt_202_GenID_0	13	1
f1_11	13	1
f1_10	13	1
f13_23	13	2
ID_32_F1_13_F2_12_G_4_SplitPt_83_GenID_0	13	2
f13_22	13	2
ID_107_F1_4_F2_13_G_4_SplitPt_102_GenID_0	13	2
ID_106_F1_13_F2_1_G_4_SplitPt_232_GenID_0	14	0	1	88	103	233	95
f13_23	14	0	1	88	103	500	95
f13_22	14	0	1	88	104	500	96
ID_32_F1_13_F2_12_G_4_SplitPt_83_GenID_0	14	1
ID_107_F1_4_F2_13_G_4_SplitPt_102_GenID_0	14	2
ID_32_F1_13_F2_12_G_4_SplitPt_83_GenID_0	15	0	1	88	84	368	86
ID_106_F1_13_F2_1_G_4_SplitPt_232_GenID_0	15	1
f13_23	15	1
f13_22	15	1
f12_21	15	2
ID_22_F1_12_F2_14_G_4_SplitPt_125_GenID_0	15	2
f12_20	15	2
ID_159_F1_12_F2_5_G_4_SplitPt_242_GenID_0	15	2
ID_159_F1_12_F2_5_G_4_SplitPt_242_GenID_0	16	0	1	241	243	500	242
ID_32_F1_13_F2_12_G_4_SplitPt_83_GenID_0	16	1
f12_21	16	1
ID_22_F1_12_F2_14_G_4_SplitPt_125_GenID_0	16	1
f12_20	16	1
f5_27	16	2
f5_26	16	2
f5_27	17	0	243	500	1	188	215
f5_26	17	0	243	500	1	191	217
ID_159_F1_12_F2_5_G_4_SplitPt_242_GenID_0	17	1
ID_213_F1_5_F2_2_G_4_SplitPt_198_GenID_0	17	2
ID_268_F1_5_F2_19_G_4_SplitPt_179_GenID_0	17	2
ID_268_F1_5_F2_19_G_4_SplitPt_179_GenID_0	18	0	1	179	178	497	178
f5_27	18	1
ID_213_F1_5_F2_2_G_4_SplitPt_198_GenID_0	18	1
f5_26	18	1
f19_3	18	2
ID_183_F1_12_F2_19_G_4_SplitPt_188_GenID_0	18	2
f19_2	18	2
ID_208_F1_10_F2_19_G_4_SplitPt_185_GenID_0	18	2
ID_59_F1_0_F2_19_G_4_SplitPt_113_GenID_0	18	2
ID_208_F1_10_F2_19_G_4_SplitPt_185_GenID_0	19	0	186	497	2	188	187
ID_268_F1_5_F2_19_G_4_SplitPt_179_GenID_0	19	1
f19_3	19	1
ID_183_F1_12_F2_19_G_4_SplitPt_188_GenID_0	19	1
f19_2	19	1
ID_59_F1_0_F2_19_G_4_SplitPt_113_GenID_0	19	1
f10_25	19	2
ID_43_F1_10_F2_3_G_4_SplitPt_117_GenID_0	19	2
f10_24	19	2
ID_199_F1_1_F2_10_G_4_SplitPt_87_GenID_0	19	2
ID_199_F1_1_F2_10_G_4_SplitPt_87_GenID_0	20	0	88	500	1	97	92
ID_208_F1_10_F2_19_G_4_SplitPt_185_GenID_0	20	1
f10_25	20	1
f10_24	20	1
f1_25	20	2
ID_20_F1_1_F2_4_G_4_SplitPt_158_GenID_0	20	2
f1_24	20	2
ID_495_F1_1_F2_6_G_4_SplitPt_200_GenID_0	20	2
ID_20_F1_1_F2_4_G_4_SplitPt_158_GenID_0	21	0	1	158	153	499	155
ID_199_F1_1_F2_10_G_4_SplitPt_87_GenID_0	21	1
f1_25	21	1
f1_24	21	1
ID_495_F1_1_F2_6_G_4_SplitPt_200_GenID_0	21	1
f4_23	21	2
f4_22	21	2
f4_23	22	0	151	500	2	70	110
f4_22	22	0	155	498	1	70	112
ID_20_F1_1_F2_4_G_4_SplitPt_158_GenID_0	22	1
ID_344_F1_4_F2_7_G_4_SplitPt_70_GenID_0	22	2
ID_344_F1_4_F2_7_G_4_SplitPt_70_GenID_0	23	0	1	70	67	500	68
f4_23	23	1
f4_22	23	1
f7_27	23	2
f7_26	23	2
ID_495_F1_1_F2_6_G_4_SplitPt_200_GenID_0	24	0	1	178	201	499	189
ID_199_F1_1_F2_10_G_4_SplitPt_87_GenID_0	24	1
f1_25	24	1
ID_20_F1_1_F2_4_G_4_SplitPt_158_GenID_0	24	1
f1_24	24	1
f6_9	24	2
f6_8	24	2
ID_43_F1_10_F2_3_G_4_SplitPt_117_GenID_0	25	0	2	116	118	498	117
ID_208_F1_10_F2_19_G_4_SplitPt_185_GenID_0	25	1
f10_25	25	1
f10_24	25	1
f3_13	25	2
f3_12	25	2
ID_59_F1_0_F2_19_G_4_SplitPt_113_GenID_0	26	0	167	497	1	112	139
ID_268_F1_5_F2_19_G_4_SplitPt_179_GenID_0	26	1
f19_3	26	1
ID_183_F1_12_F2_19_G_4_SplitPt_188_GenID_0	26	1
f19_2	26	1
ID_208_F1_10_F2_19_G_4_SplitPt_185_GenID_0	26	1
f0_17	26	2
f0_16	26	2
ID_213_F1_5_F2_2_G_4_SplitPt_198_GenID_0	27	0	1	188	199	499	193
f5_27	27	1
f5_26	27	1
ID_126_F1_5_F2_6_G_3_SplitPt_76_GenID_0	27	1
ID_268_F1_5_F2_19_G_4_SplitPt_179_GenID_0	27	1
f2_7	27	2
f2_6	27	2
ID_160_F1_5_F2_2_G_4_SplitPt_151_GenID_0	27	2
f2_7	28	0	174	499	1	62	118
f2_6	28	0	175	499	1	74	124
ID_213_F1_5_F2_2_G_4_SplitPt_198_GenID_0	28	1
ID_160_F1_5_F2_2_G_4_SplitPt_151_GenID_0	28	1
ID_481_F1_2_F2_12_G_3_SplitPt_86_GenID_0	28	2
ID_169_F1_2_F2_16_G_4_SplitPt_112_GenID_0	29	0	1	97	112	500	104
ID_481_F1_2_F2_12_G_3_SplitPt_86_GenID_0	29	1
f2_6	29	1
f16_23	29	2
ID_45_F1_16_F2_9_G_3_SplitPt_197_GenID_0	29	2
f16_22	29	2
ID_7_F1_8_F2_16_G_3_SplitPt_123_GenID_0	30	0	122	347	17	129	125
ID_45_F1_16_F2_9_G_3_SplitPt_197_GenID_0	30	1
f16_22	30	1
f8_23	30	2
ID_45_F1_16_F2_9_G_3_SplitPt_197_GenID_0	31	0	33	199	205	500	202
ID_169_F1_2_F2_16_G_4_SplitPt_112_GenID_0	31	1
f16_23	31	1
f16_22	31	1
ID_7_F1_8_F2_16_G_3_SplitPt_123_GenID_0	31	1
f9_7	31	2
ID_234_F1_9_F2_2_G_4_SplitPt_229_GenID_0	32	0	38	227	230	498	228
f9_7	32	1
f2_19	32	2
f2_18	32	2
ID_350_F1_5_F2_2_G_4_SplitPt_121_GenID_0	32	2
ID_234_F1_9_F2_2_G_4_SplitPt_229_GenID_0	32	0	230	498	1	229	229
f2_19	32	1
f2_18	32	1
ID_350_F1_5_F2_2_G_4_SplitPt_121_GenID_0	32	1
f9_5	32	2
f9_4	32	2
f2_18	33	0	230	500	1	241	235
ID_234_F1_9_F2_2_G_4_SplitPt_229_GenID_0	33	1
ID_446_F1_2_F2_12_G_4_SplitPt_241_GenID_0	33	2
ID_446_F1_2_F2_12_G_4_SplitPt_241_GenID_0	34	0	3	254	242	500	248
f2_19	34	1
f2_18	34	1
ID_350_F1_5_F2_2_G_4_SplitPt_121_GenID_0	34	1
f12_29	34	2
f12_28	34	2
ID_350_F1_5_F2_2_G_4_SplitPt_121_GenID_0	35	0	121	498	1	123	122
ID_234_F1_9_F2_2_G_4_SplitPt_229_GenID_0	35	1
f2_19	35	1
ID_446_F1_2_F2_12_G_4_SplitPt_241_GenID_0	35	1
f2_18	35	1
f5_1	35	2
f5_0	35	2
ID_160_F1_5_F2_2_G_4_SplitPt_151_GenID_0	36	0	153	499	1	153	153
ID_213_F1_5_F2_2_G_4_SplitPt_198_GenID_0	36	1
f2_7	36	1
f2_6	36	1
f5_11	36	2
ID_41_F1_5_F2_0_G_4_SplitPt_183_GenID_0	36	2
f5_10	36	2
ID_41_F1_5_F2_0_G_4_SplitPt_183_GenID_0	37	0	1	180	164	500	172
ID_160_F1_5_F2_2_G_4_SplitPt_151_GenID_0	37	1
f5_11	37	1
f5_10	37	1
f0_25	37	2
f0_24	37	2
ID_22_F1_12_F2_14_G_4_SplitPt_125_GenID_0	38	0	1	127	114	500	120
ID_32_F1_13_F2_12_G_4_SplitPt_83_GenID_0	38	1
f12_21	38	1
f12_20	38	1
ID_159_F1_12_F2_5_G_4_SplitPt_242_GenID_0	38	1
f14_25	38	2
f14_24	38	2
ID_107_F1_4_F2_13_G_4_SplitPt_102_GenID_0	39	0	103	500	2	105	104
ID_106_F1_13_F2_1_G_4_SplitPt_232_GenID_0	39	1
f13_23	39	1
f13_22	39	1
f4_11	39	2
f4_10	39	2
f5_25	40	0	1	146	176	500	161
ID_432_F1_7_F2_5_G_4_SplitPt_71_GenID_0	40	0	72	154	192	500	173
f5_24	40	0	2	154	192	500	173
ID_131_F1_5_F2_6_G_4_SplitPt_146_GenID_0	40	1
ID_491_F1_18_F2_5_G_4_SplitPt_204_GenID_0	40	2
ID_491_F1_18_F2_5_G_4_SplitPt_204_GenID_0	41	0	192	500	1	204	198
f5_25	41	1
ID_432_F1_7_F2_5_G_4_SplitPt_71_GenID_0	41	1
f5_24	41	1
f18_11	41	2
f18_10	41	2
ID_432_F1_7_F2_5_G_4_SplitPt_71_GenID_0	42	0	72	500	3	71	71
ID_131_F1_5_F2_6_G_4_SplitPt_146_GenID_0	42	1
f5_25	42	1
f5_24	42	1
ID_491_F1_18_F2_5_G_4_SplitPt_204_GenID_0	42	1
f7_5	42	2
f7_4	42	2
ID_176_F1_6_F2_14_G_4_SplitPt_184_GenID_0	43	0	1	184	185	499	184
f6_23	43	1
f6_22	43	1
ID_437_F1_6_F2_1_G_4_SplitPt_202_GenID_0	43	1
ID_131_F1_5_F2_6_G_4_SplitPt_146_GenID_0	43	1
f14_9	43	2
f14_8	43	2
ID_187_F1_7_F2_6_G_3_SplitPt_67_GenID_0	44	0	70	318	1	66	68
ID_103_F1_6_F2_9_G_4_SplitPt_138_GenID_0	44	1
f6_29	44	1
f7_1	44	2
f7_0	44	2
ID_264_F1_7_F2_5_G_4_SplitPt_54_GenID_0	45	0	1	54	53	499	53
f7_1	45	1
f7_0	45	1
f5_21	45	2
ID_417_F1_5_F2_12_G_4_SplitPt_121_GenID_0	45	2
f5_20	45	2
f12_11	46	0	136	500	2	122	129
f12_10	46	0	117	500	3	122	119
ID_417_F1_5_F2_12_G_4_SplitPt_121_GenID_0	46	1
ID_499_F1_8_F2_12_G_4_SplitPt_150_GenID_0	46	1
ID_504_F1_12_F2_6_G_3_SplitPt_122_GenID_0	46	2
ID_499_F1_8_F2_12_G_4_SplitPt_150_GenID_0	47	0	151	500	1	164	157
ID_417_F1_5_F2_12_G_4_SplitPt_121_GenID_0	47	1
f12_11	47	1
f12_10	47	1
f8_7	47	2
f8_6	47	2
ID_415_F1_8_F2_2_G_3_SplitPt_247_GenID_0	48	0	14	245	250	483	247
f8_6	48	1
f2_13	48	2
ID_92_F1_7_F2_2_G_3_SplitPt_79_GenID_0	49	0	1	80	81	499	80
f7_1	49	1
f2_29	49	2
f2_28	49	2
ID_103_F1_6_F2_9_G_4_SplitPt_138_GenID_0	50	0	1	147	139	500	143
f6_29	50	1
ID_187_F1_7_F2_6_G_3_SplitPt_67_GenID_0	50	1
f6_28	50	1
f9_9	50	2
ID_374_F1_2_F2_9_G_3_SplitPt_241_GenID_0	50	2
f9_8	50	2
ID_201_F1_11_F2_9_G_3_SplitPt_199_GenID_0	51	0	201	500	47	195	198
f9_8	51	1
f11_2	51	2
ID_137_F1_6_F2_11_G_4_SplitPt_89_GenID_0	51	2
ID_137_F1_6_F2_11_G_4_SplitPt_89_GenID_0	52	0	88	494	1	89	88
ID_201_F1_11_F2_9_G_3_SplitPt_199_GenID_0	52	1
f11_2	52	1
f11_3	52	1
f6_13	52	2
f6_12	52	2
ID_149_F1_14_F2_17_G_4_SplitPt_215_GenID_0	53	0	212	499	1	217	214
f17_29	53	1
f17_28	53	1
f14_31	53	2
f14_30	53	2
f14_31	54	0	1	217	218	483	217
f14_30	54	0	1	218	218	498	218
ID_149_F1_14_F2_17_G_4_SplitPt_215_GenID_0	54	1
ID_323_F1_19_F2_14_G_3_SplitPt_218_GenID_0	54	2
ID_341_F1_15_F2_4_G_3_SplitPt_137_GenID_0	55	0	129	499	4	135	132
f4_21	55	1
f15_27	55	2
f15_26	55	2
ID_252_F1_3_F2_13_G_4_SplitPt_197_GenID_0	56	0	197	500	1	203	200
f13_25	56	1
f13_24	56	1
f3_11	56	2
f3_10	56	2
f3_11	57	0	1	194	186	498	190
ID_252_F1_3_F2_13_G_4_SplitPt_197_GenID_0	57	1
ID_203_F1_9_F2_3_G_4_SplitPt_183_GenID_0	57	2
ID_203_F1_9_F2_3_G_4_SplitPt_183_GenID_0	58	0	184	499	1	183	183
f3_11	58	1
f3_10	58	1
f9_11	58	2
ID_239_F1_9_F2_7_G_4_SplitPt_171_GenID_0	58	2
f9_10	58	2
ID_35_F1_9_F2_9_G_4_SplitPt_227_GenID_0	58	2
ID_239_F1_9_F2_7_G_4_SplitPt_171_GenID_0	59	0	1	172	156	500	164
ID_203_F1_9_F2_3_G_4_SplitPt_183_GenID_0	59	1
f9_11	59	1
f9_10	59	1
ID_35_F1_9_F2_9_G_4_SplitPt_227_GenID_0	59	1
f7_19	59	2
f7_18	59	2
f7_18	60	0	76	500	1	84	80
ID_239_F1_9_F2_7_G_4_SplitPt_171_GenID_0	60	1
f7_19	60	1
ID_376_F1_7_F2_14_G_3_SplitPt_85_GenID_0	60	2
f7_18	60	0	1	84	100	496	92
ID_376_F1_7_F2_14_G_3_SplitPt_85_GenID_0	60	1
ID_15_F1_13_F2_7_G_3_SplitPt_94_GenID_0	60	2
ID_15_F1_13_F2_7_G_3_SplitPt_94_GenID_0	61	0	100	496	10	91	95
f7_18	61	1
f13_16	61	2
f13_16	62	0	10	91	80	499	85
ID_15_F1_13_F2_7_G_3_SplitPt_94_GenID_0	62	1
f13_18	62	2
f13_17	62	2
ID_140_F1_14_F2_13_G_3_SplitPt_192_GenID_0	62	2
ID_309_F1_16_F2_13_G_4_SplitPt_154_GenID_0	62	2
ID_309_F1_16_F2_13_G_4_SplitPt_154_GenID_0	63	0	154	499	5	149	151
f13_16	63	1
f13_18	63	1
f13_17	63	1
ID_140_F1_14_F2_13_G_3_SplitPt_192_GenID_0	63	1
f16_15	63	2
ID_371_F1_16_F2_3_G_4_SplitPt_77_GenID_0	63	2
f16_14	63	2
ID_133_F1_16_F2_4_G_3_SplitPt_204_GenID_0	63	2
ID_153_F1_6_F2_13_G_4_SplitPt_228_GenID_0	64	0	222	500	2	228	225
f13_18	64	1
f13_19	64	1
f13_17	64	1
f6_21	64	2
f6_20	64	2
f9_27	65	0	133	499	1	118	125
f9_26	65	0	115	500	1	117	116
ID_35_F1_9_F2_9_G_4_SplitPt_227_GenID_0	65	1
ID_258_F1_9_F2_15_G_4_SplitPt_117_GenID_0	65	2
ID_258_F1_9_F2_15_G_4_SplitPt_117_GenID_0	66	0	1	117	118	199	117
f9_27	66	1
f9_26	66	1
ID_355_F1_9_F2_1_G_3_SplitPt_166_GenID_0	66	1
f15_13	66	2
f15_12	66	2
ID_168_F1_15_F2_3_G_4_SplitPt_142_GenID_0	66	2
ID_356_F1_15_F2_2_G_4_SplitPt_175_GenID_0	66	2
ID_165_F1_15_F2_19_G_4_SplitPt_199_GenID_0	66	2
ID_258_F1_9_F2_15_G_4_SplitPt_117_GenID_0	66	0	118	199	1	117	117
f15_13	66	1
f15_12	66	1
ID_168_F1_15_F2_3_G_4_SplitPt_142_GenID_0	66	1
ID_356_F1_15_F2_2_G_4_SplitPt_175_GenID_0	66	1
ID_165_F1_15_F2_19_G_4_SplitPt_199_GenID_0	66	1
f9_25	66	2
f15_13	67	0	118	500	1	110	114
f15_12	67	0	118	500	2	107	112
ID_168_F1_15_F2_3_G_4_SplitPt_142_GenID_0	67	0	118	143	1	110	114
ID_356_F1_15_F2_2_G_4_SplitPt_175_GenID_0	67	0	118	175	1	110	114
ID_165_F1_15_F2_19_G_4_SplitPt_199_GenID_0	67	0	118	199	1	110	114
ID_258_F1_9_F2_15_G_4_SplitPt_117_GenID_0	67	1
ID_320_F1_15_F2_10_G_4_SplitPt_107_GenID_0	67	2
ID_320_F1_15_F2_10_G_4_SplitPt_107_GenID_0	68	0	1	110	109	499	109
f15_13	68	1
f15_12	68	1
ID_168_F1_15_F2_3_G_4_SplitPt_142_GenID_0	68	1
ID_356_F1_15_F2_2_G_4_SplitPt_175_GenID_0	68	1
ID_165_F1_15_F2_19_G_4_SplitPt_199_GenID_0	68	1
f10_31	68	2
ID_66_F1_10_F2_7_G_4_SplitPt_169_GenID_0	68	2
f10_30	68	2
ID_66_F1_10_F2_7_G_4_SplitPt_169_GenID_0	69	0	1	170	160	498	165
ID_320_F1_15_F2_10_G_4_SplitPt_107_GenID_0	69	1
f10_31	69	1
f10_30	69	1
f7_17	69	2
f7_16	69	2
ID_168_F1_15_F2_3_G_4_SplitPt_142_GenID_0	70	0	1	143	132	499	137
ID_258_F1_9_F2_15_G_4_SplitPt_117_GenID_0	70	1
f15_13	70	1
ID_320_F1_15_F2_10_G_4_SplitPt_107_GenID_0	70	1
f15_12	70	1
ID_356_F1_15_F2_2_G_4_SplitPt_175_GenID_0	70	1
ID_165_F1_15_F2_19_G_4_SplitPt_199_GenID_0	70	1
f3_27	70	2
f3_26	70	2
ID_356_F1_15_F2_2_G_4_SplitPt_175_GenID_0	71	0	1	175	176	500	175
ID_258_F1_9_F2_15_G_4_SplitPt_117_GenID_0	71	1
f15_13	71	1
ID_320_F1_15_F2_10_G_4_SplitPt_107_GenID_0	71	1
f15_12	71	1
ID_168_F1_15_F2_3_G_4_SplitPt_142_GenID_0	71	1
ID_165_F1_15_F2_19_G_4_SplitPt_199_GenID_0	71	1
f2_25	71	2
ID_86_F1_11_F2_2_G_4_SplitPt_121_GenID_0	71	2
f2_24	71	2
ID_86_F1_11_F2_2_G_4_SplitPt_121_GenID_0	72	0	115	500	1	121	118
ID_356_F1_15_F2_2_G_4_SplitPt_175_GenID_0	72	1
f2_25	72	1
f2_24	72	1
f11_11	72	2
f11_10	72	2
ID_165_F1_15_F2_19_G_4_SplitPt_199_GenID_0	73	0	1	185	200	498	192
ID_258_F1_9_F2_15_G_4_SplitPt_117_GenID_0	73	1
f15_13	73	1
ID_320_F1_15_F2_10_G_4_SplitPt_107_GenID_0	73	1
f15_12	73	1
ID_168_F1_15_F2_3_G_4_SplitPt_142_GenID_0	73	1
ID_356_F1_15_F2_2_G_4_SplitPt_175_GenID_0	73	1
f19_17	73	2
f19_16	73	2
f19_17	74	0	201	497	3	172	186
f19_16	74	0	200	500	1	174	187
ID_165_F1_15_F2_19_G_4_SplitPt_199_GenID_0	74	1
ID_403_F1_19_F2_10_G_4_SplitPt_173_GenID_0	74	2
ID_403_F1_19_F2_10_G_4_SplitPt_173_GenID_0	75	0	2	173	165	498	169
f19_17	75	1
f19_16	75	1
f10_1	75	2
f10_0	75	2
f10_1	76	0	176	497	2	96	136
f10_0	76	0	153	500	2	96	124
ID_403_F1_19_F2_10_G_4_SplitPt_173_GenID_0	76	1
ID_87_F1_10_F2_13_G_3_SplitPt_87_GenID_0	76	2
ID_87_F1_10_F2_13_G_3_SplitPt_87_GenID_0	77	0	2	96	89	500	92
f10_1	77	1
f10_0	77	1
f13_8	77	2
ID_355_F1_9_F2_1_G_3_SplitPt_166_GenID_0	78	0	1	138	167	495	152
ID_258_F1_9_F2_15_G_4_SplitPt_117_GenID_0	78	1
f9_26	78	1
f1_29	78	2
ID_195_F1_12_F2_4_G_4_SplitPt_95_GenID_0	79	0	88	500	1	101	94
f4_5	79	1
f4_4	79	1
f12_23	79	2
f12_22	79	2
ID_195_F1_12_F2_4_G_4_SplitPt_95_GenID_0	79	0	88	500	1	94	91
f4_5	79	1
f4_4	79	1
ID_235_F1_12_F2_17_G_3_SplitPt_240_GenID_0	79	2
ID_189_F1_8_F2_7_G_4_SplitPt_84_GenID_0	79	0	3	85	85	500	85
f8_29	79	1
f8_28	79	1
f7_31	79	2
ID_77_F1_7_F2_15_G_4_SplitPt_209_GenID_0	79	2
f7_30	79	2
ID_248_F1_5_F2_7_G_4_SplitPt_138_GenID_0	79	2
f7_29	79	2
ID_77_F1_7_F2_15_G_4_SplitPt_209_GenID_0	80	0	5	209	210	500	209
ID_189_F1_8_F2_7_G_4_SplitPt_84_GenID_0	80	1
f7_31	80	1
f7_30	80	1
ID_248_F1_5_F2_7_G_4_SplitPt_138_GenID_0	80	1
f7_28	80	1
f15_5	80	2
f15_4	80	2
ID_248_F1_5_F2_7_G_4_SplitPt_138_GenID_0	81	0	134	500	1	138	136
ID_189_F1_8_F2_7_G_4_SplitPt_84_GenID_0	81	1
f7_31	81	1
ID_77_F1_7_F2_15_G_4_SplitPt_209_GenID_0	81	1
f7_30	81	1
f7_29	81	1
f5_31	81	2
f5_30	81	2
ID_50_F1_19_F2_3_G_4_SplitPt_244_GenID_0	82	0	1	242	233	499	237
f19_19	82	1
f19_18	82	1
f3_1	82	2
f3_0	82	2
ID_50_F1_19_F2_3_G_4_SplitPt_244_GenID_0	82	0	233	499	104	242	237
f3_1	82	1
f3_0	82	1
ID_483_F1_14_F2_19_G_3_SplitPt_104_GenID_0	82	2
ID_483_F1_14_F2_19_G_3_SplitPt_104_GenID_0	83	0	104	242	3	92	98
ID_50_F1_19_F2_3_G_4_SplitPt_244_GenID_0	83	1
f14_13	83	2
f14_12	83	2
ID_303_F1_16_F2_0_G_4_SplitPt_127_GenID_0	84	0	126	498	1	128	127
f0_19	84	1
f0_18	84	1
f16_27	84	2
f16_26	84	2
f4_31	85	0	7	85	159	499	122
f4_30	85	0	9	86	150	499	118
ID_455_F1_4_F2_18_G_3_SplitPt_87_GenID_0	85	1
ID_173_F1_16_F2_4_G_3_SplitPt_132_GenID_0	85	2
ID_293_F1_0_F2_4_G_4_SplitPt_184_GenID_0	85	2
ID_293_F1_0_F2_4_G_4_SplitPt_184_GenID_0	86	0	185	500	1	186	185
f4_31	86	1
f4_30	86	1
ID_173_F1_16_F2_4_G_3_SplitPt_132_GenID_0	86	1
f0_1	86	2
f0_0	86	2
ID_455_F1_4_F2_18_G_3_SplitPt_87_GenID_0	87	0	8	85	89	498	87
f4_31	87	1
f4_30	87	1
f18_19	87	2
ID_188_F1_10_F2_6_G_3_SplitPt_179_GenID_0	88	0	1	178	166	498	172
f10_3	88	1
f6_26	88	2
ID_2_F1_4_F2_10_G_4_SplitPt_143_GenID_0	89	0	144	500	1	143	143
ID_18_F1_17_F2_10_G_4_SplitPt_236_GenID_0	89	1
f10_3	89	1
f10_2	89	1
f4_27	89	2
f4_26	89	2
ID_287_F1_15_F2_4_G_4_SplitPt_72_GenID_0	89	2
ID_287_F1_15_F2_4_G_4_SplitPt_72_GenID_0	90	0	73	500	1	89	81
ID_2_F1_4_F2_10_G_4_SplitPt_143_GenID_0	90	1
f4_27	90	1
f4_26	90	1
f15_25	90	2
f15_24	90	2
ID_510_F1_19_F2_19_G_4_SplitPt_160_GenID_0	91	0	1	163	155	500	159
f19_27	91	1
f19_26	91	1
f19_1	91	2
f19_0	91	2
ID_236_F1_13_F2_17_G_4_SplitPt_64_GenID_0	92	0	66	498	3	64	65
ID_372_F1_19_F2_17_G_3_SplitPt_215_GenID_0	92	1
f17_16	92	1
f17_17	92	1
f13_3	92	2
f13_2	92	2
ID_427_F1_0_F2_10_G_4_SplitPt_224_GenID_0	93	0	225	500	1	233	229
ID_129_F1_5_F2_10_G_3_SplitPt_127_GenID_0	93	1
f10_18	93	1
f10_19	93	1
f0_27	93	2
ID_385_F1_0_F2_8_G_3_SplitPt_92_GenID_0	93	2
f0_26	93	2
ID_129_F1_5_F2_10_G_3_SplitPt_127_GenID_0	94	0	174	500	3	126	150
f10_18	94	1
ID_427_F1_0_F2_10_G_4_SplitPt_224_GenID_0	94	1
f5_9	94	2
f5_8	94	2
ID_366_F1_19_F2_4_G_3_SplitPt_140_GenID_0	95	0	152	493	1	134	143
f4_9	95	1
f4_8	95	1
f19_12	95	2
ID_82_F1_14_F2_4_G_4_SplitPt_240_GenID_0	96	0	240	499	8	252	246
f4_3	96	1
f4_0	96	1
f4_2	96	1
f4_1	96	1
f14_21	96	2
f14_20	96	2
ID_456_F1_19_F2_17_G_3_SplitPt_211_GenID_0	97	0	222	497	1	212	217
f17_21	97	1
f19_28	97	2
ID_500_F1_19_F2_17_G_4_SplitPt_226_GenID_0	98	0	1	243	224	499	233
f19_28	98	1
f19_29	98	1
f17_15	98	2
f17_14	98	2
f17_15	98	0	226	500	6	193	209
f17_14	98	0	222	498	1	167	194
ID_500_F1_19_F2_17_G_4_SplitPt_226_GenID_0	98	1
ID_225_F1_17_F2_12_G_4_SplitPt_167_GenID_0	98	2
ID_225_F1_17_F2_12_G_4_SplitPt_167_GenID_0	99	0	3	175	168	499	171
f17_15	99	1
f17_14	99	1
f12_15	99	2
f12_14	99	2
ID_193_F1_17_F2_16_G_4_SplitPt_155_GenID_0	100	0	1	159	153	500	156
f17_21	100	1
f17_20	100	1
f16_25	100	2
f16_24	100	2
ID_505_F1_6_F2_13_G_4_SplitPt_153_GenID_0	101	0	1	153	155	500	154
f6_19	101	1
f6_18	101	1
f13_27	101	2
f13_26	101	2
ID_215_F1_1_F2_5_G_4_SplitPt_160_GenID_0	102	0	155	498	1	159	157
f5_13	102	1
f5_12	102	1
f1_21	102	2
ID_56_F1_1_F2_3_G_4_SplitPt_55_GenID_0	102	2
f1_20	102	2
ID_56_F1_1_F2_3_G_4_SplitPt_55_GenID_0	103	0	1	71	56	498	63
ID_215_F1_1_F2_5_G_4_SplitPt_160_GenID_0	103	1
f1_21	103	1
f1_20	103	1
f3_7	103	2
f3_6	103	2
ID_174_F1_0_F2_1_G_4_SplitPt_60_GenID_0	104	0	48	500	1	59	53
f1_17	104	1
f1_16	104	1
f0_3	104	2
f0_2	104	2
ID_404_F1_1_F2_11_G_4_SplitPt_96_GenID_0	105	0	1	96	97	500	96
f1_17	105	1
f1_16	105	1
f11_23	105	2
ID_318_F1_11_F2_2_G_4_SplitPt_155_GenID_0	105	2
f11_22	105	2
ID_318_F1_11_F2_2_G_4_SplitPt_155_GenID_0	106	0	1	155	152	498	153
ID_404_F1_1_F2_11_G_4_SplitPt_96_GenID_0	106	1
f11_23	106	1
f11_22	106	1
f2_3	106	2
f2_2	106	2
ID_310_F1_17_F2_18_G_4_SplitPt_120_GenID_0	107	0	123	499	1	119	121
ID_109_F1_7_F2_18_G_3_SplitPt_206_GenID_0	107	1
f18_1	107	1
f18_0	107	1
f17_31	107	2
f17_30	107	2
ID_109_F1_7_F2_18_G_3_SplitPt_206_GenID_0	108	0	181	499	10	200	190
f18_1	108	1
f18_0	108	1
ID_310_F1_17_F2_18_G_4_SplitPt_120_GenID_0	108	1
f7_11	108	2
f7_10	108	2
ID_382_F1_8_F2_10_G_3_SplitPt_136_GenID_0	109	0	148	498	1	109	128
ID_10_F1_9_F2_10_G_4_SplitPt_140_GenID_0	109	1
f10_16	109	1
f8_31	109	2
f8_31	110	0	1	109	102	499	105
ID_382_F1_8_F2_10_G_3_SplitPt_136_GenID_0	110	1
ID_365_F1_15_F2_8_G_3_SplitPt_99_GenID_0	110	2
ID_10_F1_9_F2_10_G_4_SplitPt_140_GenID_0	110	0	141	498	1	142	141
f10_17	110	1
f10_16	110	1
ID_382_F1_8_F2_10_G_3_SplitPt_136_GenID_0	110	1
f9_13	110	2
f9_12	110	2
f14_11	111	0	3	110	149	500	129
f14_10	111	0	1	110	148	498	129
ID_16_F1_14_F2_8_G_4_SplitPt_110_GenID_0	111	1
ID_271_F1_16_F2_14_G_4_SplitPt_150_GenID_0	111	2
ID_271_F1_16_F2_14_G_4_SplitPt_150_GenID_0	112	0	148	499	3	151	149
f14_11	112	1
f14_10	112	1
f16_1	112	2
f16_0	112	2
ID_16_F1_14_F2_8_G_4_SplitPt_110_GenID_0	113	0	2	110	114	500	112
f14_11	113	1
f14_10	113	1
f8_3	113	2
f8_2	113	2
ID_298_F1_13_F2_8_G_3_SplitPt_248_GenID_0	113	2
ID_285_F1_9_F2_12_G_4_SplitPt_110_GenID_0	114	0	100	499	2	112	106
f12_31	114	1
f12_30	114	1
f9_19	114	2
f9_18	114	2
ID_60_F1_18_F2_9_G_3_SplitPt_172_GenID_0	115	0	1	172	172	500	172
f18_7	115	1
f18_6	115	1
f9_0	115	2
ID_424_F1_12_F2_10_G_4_SplitPt_204_GenID_0	116	0	205	500	1	196	200
f10_29	116	1
f10_28	116	1
f12_27	116	2
ID_249_F1_12_F2_0_G_3_SplitPt_137_GenID_0	116	2
ID_162_F1_12_F2_11_G_4_SplitPt_188_GenID_0	116	2
f12_26	116	2
ID_162_F1_12_F2_11_G_4_SplitPt_188_GenID_0	117	0	1	188	187	500	187
ID_424_F1_12_F2_10_G_4_SplitPt_204_GenID_0	117	1
f12_27	117	1
ID_249_F1_12_F2_0_G_3_SplitPt_137_GenID_0	117	1
f12_26	117	1
f11_19	117	2
f11_18	117	2
ID_172_F1_17_F2_3_G_3_SplitPt_124_GenID_0	118	0	2	119	126	500	122
f17_5	118	1
f3_9	118	2
ID_27_F1_18_F2_3_G_3_SplitPt_78_GenID_0	119	0	79	495	1	77	78
f3_8	119	1
f18_25	119	2
f18_25	120	0	1	77	67	500	72
ID_27_F1_18_F2_3_G_3_SplitPt_78_GenID_0	120	1
ID_452_F1_6_F2_18_G_4_SplitPt_151_GenID_0	120	2
f18_24	120	2
ID_247_F1_6_F2_16_G_4_SplitPt_127_GenID_0	121	0	1	136	125	500	130
ID_206_F1_6_F2_17_G_4_SplitPt_108_GenID_0	121	1
f6_5	121	1
f6_4	121	1
f16_31	121	2
f16_30	121	2
f16_30	122	0	63	500	6	79	71
ID_247_F1_6_F2_16_G_4_SplitPt_127_GenID_0	122	1
f16_31	122	1
ID_157_F1_16_F2_2_G_3_SplitPt_86_GenID_0	122	2
ID_206_F1_6_F2_17_G_4_SplitPt_108_GenID_0	123	0	1	108	114	500	111
f6_5	123	1
ID_247_F1_6_F2_16_G_4_SplitPt_127_GenID_0	123	1
f6_4	123	1
f17_27	123	2
f17_26	123	2
ID_397_F1_0_F2_17_G_3_SplitPt_157_GenID_0	124	0	3	166	156	496	161
f0_11	124	1
f0_10	124	1
f17_1	124	2
f17_1	125	0	156	496	26	149	152
ID_397_F1_0_F2_17_G_3_SplitPt_157_GenID_0	125	1
ID_115_F1_17_F2_2_G_3_SplitPt_96_GenID_0	125	2
ID_283_F1_10_F2_4_G_4_SplitPt_93_GenID_0	125	0	1	98	94	500	96
f10_5	125	1
f10_4	125	1
f4_15	125	2
f4_14	125	2
ID_317_F1_7_F2_0_G_4_SplitPt_182_GenID_0	126	0	174	500	2	188	181
f0_5	126	1
f0_4	126	1
f7_7	126	2
f7_6	126	2
ID_186_F1_11_F2_15_G_4_SplitPt_247_GenID_0	127	0	246	500	4	247	246
f15_29	127	1
f15_28	127	1
f11_9	127	2
f11_8	127	2
ID_259_F1_18_F2_0_G_4_SplitPt_141_GenID_0	128	0	148	500	3	143	145
f0_21	128	1
f0_20	128	1
f18_23	128	2
f18_22	128	2
ID_338_F1_8_F2_1_G_4_SplitPt_212_GenID_0	129	0	1	212	212	499	212
ID_33_F1_8_F2_7_G_4_SplitPt_189_GenID_0	129	1
f8_19	129	1
f8_18	129	1
f1_1	129	2
f1_0	129	2
ID_434_F1_5_F2_0_G_4_SplitPt_165_GenID_0	130	0	165	499	2	181	173
f0_7	130	1
f0_6	130	1
f5_23	130	2
f5_22	130	2
ID_223_F1_11_F2_10_G_4_SplitPt_177_GenID_0	131	0	176	499	1	178	177
f10_13	131	1
f10_12	131	1
f11_7	131	2
f11_6	131	2
