gene_id	fusion_event	family_number	start_med_align1	end_med_align1	start_med_align2	end_med_align2	break_point
ID_190_F1_0_F2_7_G_4_SplitPt_126_GenID_0	0	0	2	129	111	500	120
f0_19	0	1
f0_18	0	1
f7_29	0	2
f7_28	0	2
ID_252_F1_16_F2_12_G_4_SplitPt_78_GenID_0	1	0	1	78	80	499	79
f16_13	1	1
f16_12	1	1
f12_23	1	2
f12_22	1	2
ID_252_F1_16_F2_12_G_4_SplitPt_78_GenID_0	1	0	80	499	2	77	78
f12_23	1	1
f12_22	1	1
ID_33_F1_16_F2_7_G_3_SplitPt_159_GenID_0	1	2
ID_106_F1_8_F2_2_G_4_SplitPt_213_GenID_0	2	0	205	500	1	213	209
f2_25	2	1
f2_24	2	1
f8_3	2	2
f8_2	2	2
ID_119_F1_2_F2_8_G_4_SplitPt_192_GenID_0	3	0	1	191	184	500	187
f2_27	3	1
f2_26	3	1
f8_13	3	2
f8_12	3	2
ID_211_F1_17_F2_7_G_3_SplitPt_199_GenID_0	4	0	192	490	2	200	196
f7_10	4	1
f17_0	4	2
ID_150_F1_6_F2_7_G_4_SplitPt_199_GenID_0	5	0	200	491	1	199	199
ID_136_F1_4_F2_7_G_3_SplitPt_224_GenID_0	5	1
f7_11	5	1
f7_10	5	1
f6_25	5	2
ID_179_F1_6_F2_15_G_4_SplitPt_57_GenID_0	5	2
f6_24	5	2
f6_25	6	0	1	141	225	500	183
f6_24	6	0	1	129	221	500	175
ID_150_F1_6_F2_7_G_4_SplitPt_199_GenID_0	6	1
ID_179_F1_6_F2_15_G_4_SplitPt_57_GenID_0	6	1
ID_105_F1_9_F2_6_G_4_SplitPt_224_GenID_0	6	2
ID_105_F1_9_F2_6_G_4_SplitPt_224_GenID_0	7	0	222	500	1	226	224
f6_25	7	1
f6_24	7	1
f9_27	7	2
f9_26	7	2
ID_179_F1_6_F2_15_G_4_SplitPt_57_GenID_0	8	0	1	57	39	500	48
ID_150_F1_6_F2_7_G_4_SplitPt_199_GenID_0	8	1
f6_25	8	1
f6_24	8	1
f15_25	8	2
f15_24	8	2
ID_228_F1_7_F2_7_G_4_SplitPt_178_GenID_0	9	0	1	175	180	499	177
ID_44_F1_7_F2_4_G_4_SplitPt_142_GenID_0	9	1
f7_24	9	1
f7_22	9	2
ID_75_F1_4_F2_7_G_4_SplitPt_162_GenID_0	9	2
f7_21	9	2
f7_20	9	2
ID_75_F1_4_F2_7_G_4_SplitPt_162_GenID_0	10	0	164	499	2	162	163
ID_228_F1_7_F2_7_G_4_SplitPt_178_GenID_0	10	1
f7_23	10	1
f7_21	10	1
f7_20	10	1
f4_11	10	2
f4_10	10	2
ID_132_F1_12_F2_13_G_4_SplitPt_211_GenID_0	11	0	4	218	208	500	213
f12_1	11	1
f12_0	11	1
f13_23	11	2
f13_22	11	2
ID_41_F1_13_F2_10_G_4_SplitPt_204_GenID_0	12	0	203	500	3	210	206
f10_25	12	1
f10_24	12	1
f13_25	12	2
f13_24	12	2
ID_152_F1_13_F2_10_G_4_SplitPt_245_GenID_0	13	0	1	245	246	500	245
f13_17	13	1
f13_16	13	1
f10_5	13	2
f10_4	13	2
ID_29_F1_11_F2_6_G_4_SplitPt_242_GenID_0	14	0	228	497	1	241	234
f6_5	14	1
f6_4	14	1
f11_5	14	2
f11_4	14	2
f1_14	15	0	105	499	4	99	102
ID_250_F1_7_F2_1_G_4_SplitPt_208_GenID_0	15	1
f1_15	15	1
ID_72_F1_1_F2_5_G_3_SplitPt_106_GenID_0	15	2
ID_250_F1_7_F2_1_G_4_SplitPt_208_GenID_0	16	0	214	499	2	207	210
f1_15	16	1
f1_14	16	1
f7_3	16	2
f7_2	16	2
ID_231_F1_17_F2_18_G_4_SplitPt_224_GenID_0	17	0	1	224	225	500	224
f17_17	17	1
ID_61_F1_17_F2_6_G_3_SplitPt_84_GenID_0	17	1
f17_16	17	1
f18_21	17	2
f18_20	17	2
ID_196_F1_18_F2_15_G_4_SplitPt_75_GenID_0	18	0	76	500	1	74	75
f15_9	18	1
f15_8	18	1
f18_19	18	2
f18_18	18	2
f6_23	19	0	1	340	371	436	355
ID_82_F1_6_F2_8_G_4_SplitPt_169_GenID_0	19	1
f6_22	19	1
f6_27	19	2
ID_49_F1_18_F2_6_G_4_SplitPt_58_GenID_0	20	0	57	500	1	59	58
f6_27	20	1
f6_26	20	1
f18_11	20	2
f9_2	21	0	1	97	90	500	93
ID_112_F1_9_F2_1_G_3_SplitPt_103_GenID_0	21	1
ID_170_F1_5_F2_9_G_4_SplitPt_168_GenID_0	21	2
f9_0	21	2
ID_5_F1_16_F2_0_G_4_SplitPt_192_GenID_0	21	0	184	499	1	191	187
f0_29	21	1
f0_28	21	1
f16_23	21	2
f16_22	21	2
ID_239_F1_14_F2_0_G_3_SplitPt_71_GenID_0	22	0	72	500	2	73	72
f0_29	22	1
f14_25	22	2
ID_85_F1_7_F2_13_G_3_SplitPt_60_GenID_0	23	0	1	59	61	498	60
f7_13	23	1
f13_9	23	2
ID_195_F1_10_F2_12_G_4_SplitPt_81_GenID_0	24	0	1	80	82	500	81
f10_21	24	1
f10_20	24	1
f12_27	24	2
ID_20_F1_0_F2_12_G_4_SplitPt_176_GenID_0	24	2
f12_26	24	2
ID_20_F1_0_F2_12_G_4_SplitPt_176_GenID_0	25	0	177	500	1	174	175
ID_195_F1_10_F2_12_G_4_SplitPt_81_GenID_0	25	1
f12_27	25	1
f12_26	25	1
f0_13	25	2
f0_12	25	2
ID_169_F1_0_F2_11_G_4_SplitPt_180_GenID_0	26	0	1	184	179	500	181
f0_15	26	1
f0_14	26	1
f11_9	26	2
f11_8	26	2
ID_253_F1_7_F2_1_G_3_SplitPt_69_GenID_0	27	0	70	500	3	73	71
f1_23	27	1
f7_1	27	2
ID_249_F1_7_F2_15_G_4_SplitPt_166_GenID_0	28	0	1	165	148	500	156
f7_1	28	1
f7_0	28	1
f15_17	28	2
f15_16	28	2
ID_144_F1_17_F2_16_G_4_SplitPt_124_GenID_0	29	0	116	500	1	129	122
f16_15	29	1
f16_14	29	1
f17_9	29	2
f17_8	29	2
ID_53_F1_10_F2_15_G_4_SplitPt_130_GenID_0	30	0	1	130	131	499	130
f10_31	30	1
f10_30	30	1
f15_31	30	2
f15_30	30	2
ID_210_F1_17_F2_8_G_4_SplitPt_249_GenID_0	31	0	2	250	250	500	250
f17_23	31	1
f17_22	31	1
f8_27	31	2
f8_26	31	2
ID_185_F1_11_F2_8_G_4_SplitPt_242_GenID_0	32	0	243	500	1	243	243
f8_25	32	1
f8_26	32	1
f8_24	32	1
f11_29	32	2
f11_28	32	2
ID_102_F1_0_F2_14_G_4_SplitPt_212_GenID_0	33	0	1	231	213	500	222
f0_9	33	1
f0_8	33	1
f14_9	33	2
f14_8	33	2
ID_197_F1_9_F2_3_G_4_SplitPt_138_GenID_0	34	0	1	132	137	500	134
f9_13	34	1
f9_12	34	1
f3_27	34	2
f3_26	34	2
f10_10	35	0	1	74	107	500	90
ID_208_F1_10_F2_10_G_4_SplitPt_55_GenID_0	35	1
f10_11	35	2
ID_80_F1_6_F2_10_G_4_SplitPt_212_GenID_0	35	2
ID_80_F1_6_F2_10_G_4_SplitPt_212_GenID_0	36	0	213	500	1	225	219
f10_10	36	1
f10_11	36	1
f6_17	36	2
f6_16	36	2
ID_32_F1_5_F2_9_G_4_SplitPt_185_GenID_0	37	0	2	191	209	482	200
f5_25	37	1
f5_24	37	1
f9_22	37	2
ID_32_F1_5_F2_9_G_4_SplitPt_185_GenID_0	37	0	2	191	187	500	189
f5_25	37	1
f5_24	37	1
f9_19	37	2
f9_18	37	2
ID_133_F1_15_F2_11_G_4_SplitPt_177_GenID_0	37	0	1	188	171	495	179
f15_7	37	1
f11_31	37	2
f11_30	37	2
ID_241_F1_2_F2_3_G_4_SplitPt_98_GenID_0	38	0	3	98	96	500	97
f2_9	38	1
f2_8	38	1
f3_15	38	2
f3_14	38	2
ID_139_F1_14_F2_1_G_4_SplitPt_195_GenID_0	39	0	1	195	196	499	195
f14_23	39	1
f14_22	39	1
f1_17	39	2
f1_16	39	2
ID_141_F1_13_F2_17_G_4_SplitPt_174_GenID_0	40	0	159	500	1	174	166
f17_11	40	1
f17_10	40	1
f13_15	40	2
f13_14	40	2
ID_164_F1_18_F2_2_G_3_SplitPt_97_GenID_0	41	0	5	105	114	495	109
f18_31	41	1
f2_15	41	2
ID_167_F1_8_F2_5_G_4_SplitPt_104_GenID_0	42	0	94	500	12	104	99
f5_5	42	1
f5_4	42	1
f8_19	42	2
f8_18	42	2
ID_167_F1_8_F2_5_G_4_SplitPt_104_GenID_0	42	0	94	500	4	104	99
f5_5	42	1
f5_4	42	1
f8_17	42	2
f8_16	42	2
ID_147_F1_8_F2_17_G_4_SplitPt_98_GenID_0	42	0	99	500	1	99	99
f17_19	42	1
f17_18	42	1
f8_23	42	2
f8_22	42	2
ID_146_F1_5_F2_2_G_4_SplitPt_143_GenID_0	43	0	4	147	141	500	144
f5_3	43	1
f5_2	43	1
f2_1	43	2
f2_0	43	2
ID_114_F1_19_F2_4_G_4_SplitPt_117_GenID_0	44	0	111	500	2	118	114
f4_1	44	1
f4_0	44	1
f19_9	44	2
f19_8	44	2
ID_166_F1_5_F2_17_G_4_SplitPt_90_GenID_0	45	0	87	499	1	93	90
f17_7	45	1
f17_6	45	1
f5_17	45	2
f5_16	45	2
ID_9_F1_3_F2_16_G_4_SplitPt_204_GenID_0	46	0	205	499	1	204	204
f16_21	46	1
f16_20	46	1
f3_3	46	2
f3_2	46	2
ID_35_F1_15_F2_18_G_4_SplitPt_54_GenID_0	47	0	1	55	38	499	46
f15_29	47	1
f15_28	47	1
f18_27	47	2
f18_26	47	2
