gene_id	fusion_event	family_number	start_med_align1	end_med_align1	start_med_align2	end_med_align2	break_point
f4_13	0	0	125	500	3	122	123
f4_12	0	0	125	500	1	121	123
ID_449_F1_13_F2_4_G_4_SplitPt_124_GenID_0	0	1
ID_68_F1_4_F2_4_G_3_SplitPt_108_GenID_0	0	1
ID_420_F1_0_F2_4_G_4_SplitPt_212_GenID_0	0	1
ID_223_F1_4_F2_17_G_4_SplitPt_115_GenID_0	0	2
f4_6	1	0	1	112	184	500	148
f4_7	1	0	1	114	182	500	148
ID_53_F1_4_F2_4_G_4_SplitPt_114_GenID_0	1	1
ID_98_F1_6_F2_4_G_4_SplitPt_183_GenID_0	1	2
f6_23	2	0	1	184	186	500	185
ID_98_F1_6_F2_4_G_4_SplitPt_183_GenID_0	2	1
ID_225_F1_0_F2_6_G_4_SplitPt_186_GenID_0	2	2
ID_284_F1_9_F2_16_G_4_SplitPt_99_GenID_0	3	0	1	99	100	500	99
f9_1	3	1
f9_0	3	1
f16_23	3	2
ID_270_F1_5_F2_16_G_4_SplitPt_67_GenID_0	3	2
f16_22	3	2
ID_284_F1_9_F2_16_G_4_SplitPt_99_GenID_0	3	0	100	500	5	91	95
f16_23	3	1
ID_270_F1_5_F2_16_G_4_SplitPt_67_GenID_0	3	1
f16_22	3	1
f9_3	3	2
f9_2	3	2
ID_270_F1_5_F2_16_G_4_SplitPt_67_GenID_0	4	0	68	500	1	82	75
ID_284_F1_9_F2_16_G_4_SplitPt_99_GenID_0	4	1
f16_23	4	1
f16_22	4	1
f5_27	4	2
ID_451_F1_5_F2_8_G_4_SplitPt_136_GenID_0	4	2
f5_27	4	0	1	136	246	500	191
f5_26	4	0	1	155	238	500	196
ID_451_F1_5_F2_8_G_4_SplitPt_136_GenID_0	4	1
ID_248_F1_0_F2_5_G_4_SplitPt_249_GenID_0	4	2
ID_248_F1_0_F2_5_G_4_SplitPt_249_GenID_0	5	0	243	500	2	255	249
f5_27	5	1
f5_26	5	1
f0_19	5	2
f0_18	5	2
ID_451_F1_5_F2_8_G_4_SplitPt_136_GenID_0	6	0	1	136	134	500	135
ID_270_F1_5_F2_16_G_4_SplitPt_67_GenID_0	6	1
f5_27	6	1
f5_26	6	1
f8_3	6	2
f8_2	6	2
ID_285_F1_12_F2_8_G_3_SplitPt_161_GenID_0	7	0	164	497	1	164	164
f8_2	7	1
f12_12	7	2
ID_222_F1_18_F2_2_G_4_SplitPt_143_GenID_0	8	0	2	142	145	498	143
f18_3	8	1
f18_2	8	1
f2_13	8	2
f2_12	8	2
ID_177_F1_8_F2_1_G_3_SplitPt_69_GenID_0	9	0	2	58	72	498	65
ID_239_F1_8_F2_9_G_4_SplitPt_194_GenID_0	9	1
f8_19	9	1
f8_18	9	1
f1_19	9	2
f1_18	9	2
ID_53_F1_4_F2_4_G_4_SplitPt_114_GenID_0	10	0	1	113	115	499	114
f4_6	10	1
f4_7	10	1
f4_25	10	2
f4_24	10	2
ID_310_F1_19_F2_4_G_3_SplitPt_167_GenID_0	11	0	169	497	15	168	168
f4_24	11	1
f19_11	11	2
ID_427_F1_19_F2_6_G_4_SplitPt_247_GenID_0	12	0	1	240	243	500	241
f19_11	12	1
ID_195_F1_19_F2_11_G_3_SplitPt_207_GenID_0	12	1
f19_10	12	1
f6_13	12	2
f6_12	12	2
ID_418_F1_1_F2_6_G_4_SplitPt_193_GenID_0	12	2
ID_418_F1_1_F2_6_G_4_SplitPt_193_GenID_0	13	0	196	500	1	203	199
ID_427_F1_19_F2_6_G_4_SplitPt_247_GenID_0	13	1
f6_13	13	1
f6_12	13	1
f1_27	13	2
ID_342_F1_1_F2_13_G_4_SplitPt_53_GenID_0	13	2
f1_26	13	2
f1_22	13	2
ID_342_F1_1_F2_13_G_4_SplitPt_53_GenID_0	14	0	1	54	55	500	54
ID_418_F1_1_F2_6_G_4_SplitPt_193_GenID_0	14	1
f1_27	14	1
f1_26	14	1
f1_22	14	1
f13_27	14	2
f13_26	14	2
ID_289_F1_10_F2_4_G_3_SplitPt_194_GenID_0	15	0	196	499	14	195	195
f4_24	15	1
f10_3	15	2
f10_2	15	2
f10_3	16	0	14	195	237	500	216
f10_2	16	0	15	195	236	500	215
ID_289_F1_10_F2_4_G_3_SplitPt_194_GenID_0	16	1
ID_242_F1_17_F2_10_G_4_SplitPt_235_GenID_0	16	2
ID_242_F1_17_F2_10_G_4_SplitPt_235_GenID_0	17	0	236	500	3	243	239
f10_3	17	1
f10_2	17	1
f17_7	17	2
f17_6	17	2
ID_374_F1_6_F2_1_G_4_SplitPt_147_GenID_0	18	0	1	153	148	500	150
f6_25	18	1
ID_301_F1_6_F2_14_G_4_SplitPt_107_GenID_0	18	1
f6_24	18	1
f1_7	18	2
f1_6	18	2
ID_211_F1_1_F2_13_G_4_SplitPt_216_GenID_0	18	2
ID_510_F1_1_F2_7_G_3_SplitPt_177_GenID_0	19	0	2	179	179	498	179
f1_6	19	1
f7_9	19	2
f7_8	19	2
ID_446_F1_8_F2_7_G_4_SplitPt_126_GenID_0	19	2
ID_56_F1_3_F2_7_G_4_SplitPt_197_GenID_0	19	2
ID_8_F1_16_F2_7_G_3_SplitPt_218_GenID_0	20	0	222	497	4	218	220
f7_9	20	1
f7_8	20	1
ID_446_F1_8_F2_7_G_4_SplitPt_126_GenID_0	20	1
ID_56_F1_3_F2_7_G_4_SplitPt_197_GenID_0	20	1
f16_31	20	2
f16_30	20	2
ID_220_F1_16_F2_16_G_4_SplitPt_199_GenID_0	21	0	2	207	197	500	202
f16_31	21	1
f16_30	21	1
f16_9	21	2
ID_480_F1_3_F2_16_G_3_SplitPt_52_GenID_0	21	2
f16_8	21	2
ID_446_F1_8_F2_7_G_4_SplitPt_126_GenID_0	22	0	154	499	2	126	140
ID_510_F1_1_F2_7_G_3_SplitPt_177_GenID_0	22	1
f7_9	22	1
ID_8_F1_16_F2_7_G_3_SplitPt_218_GenID_0	22	1
f7_8	22	1
ID_56_F1_3_F2_7_G_4_SplitPt_197_GenID_0	22	1
ID_354_F1_10_F2_7_G_3_SplitPt_102_GenID_0	22	1
f8_31	22	2
ID_466_F1_8_F2_14_G_3_SplitPt_190_GenID_0	22	2
f8_30	22	2
ID_466_F1_8_F2_14_G_3_SplitPt_190_GenID_0	23	0	2	157	190	500	173
ID_446_F1_8_F2_7_G_4_SplitPt_126_GenID_0	23	1
f8_31	23	1
f14_19	23	2
f14_18	23	2
ID_321_F1_13_F2_14_G_4_SplitPt_77_GenID_0	23	2
f14_19	24	0	194	500	1	80	137
f14_18	24	0	190	500	1	78	134
ID_466_F1_8_F2_14_G_3_SplitPt_190_GenID_0	24	1
ID_500_F1_10_F2_14_G_3_SplitPt_223_GenID_0	24	1
ID_321_F1_13_F2_14_G_4_SplitPt_77_GenID_0	24	1
ID_392_F1_14_F2_16_G_4_SplitPt_80_GenID_0	24	2
ID_500_F1_10_F2_14_G_3_SplitPt_223_GenID_0	25	0	226	497	7	233	229
f14_19	25	1
f14_18	25	1
ID_321_F1_13_F2_14_G_4_SplitPt_77_GenID_0	25	1
f10_13	25	2
f10_12	25	2
ID_392_F1_14_F2_16_G_4_SplitPt_80_GenID_0	26	0	1	79	82	500	80
f14_19	26	1
f14_18	26	1
f16_11	26	2
ID_502_F1_16_F2_17_G_3_SplitPt_205_GenID_0	26	2
f16_10	26	2
ID_502_F1_16_F2_17_G_3_SplitPt_205_GenID_0	27	0	2	204	200	495	202
ID_392_F1_14_F2_16_G_4_SplitPt_80_GenID_0	27	1
f16_11	27	1
f16_10	27	1
f17_15	27	2
f17_14	27	2
ID_321_F1_13_F2_14_G_4_SplitPt_77_GenID_0	28	0	133	500	1	77	105
ID_466_F1_8_F2_14_G_3_SplitPt_190_GenID_0	28	1
f14_19	28	1
ID_500_F1_10_F2_14_G_3_SplitPt_223_GenID_0	28	1
f14_18	28	1
f13_11	28	2
ID_397_F1_13_F2_19_G_3_SplitPt_150_GenID_0	28	2
f13_10	28	2
f13_9	28	2
f13_11	29	0	1	77	235	500	156
f13_10	29	0	1	77	232	500	154
f13_9	29	0	2	77	232	500	154
ID_321_F1_13_F2_14_G_4_SplitPt_77_GenID_0	29	1
ID_107_F1_6_F2_13_G_4_SplitPt_234_GenID_0	29	2
ID_397_F1_13_F2_19_G_3_SplitPt_150_GenID_0	30	0	1	150	154	499	152
ID_321_F1_13_F2_14_G_4_SplitPt_77_GenID_0	30	1
f13_11	30	1
f13_10	30	1
f19_1	30	2
f19_0	30	2
ID_107_F1_6_F2_13_G_4_SplitPt_234_GenID_0	31	0	232	500	1	233	232
f13_11	31	1
f13_10	31	1
f13_9	31	1
f13_8	31	1
f6_1	31	2
f6_0	31	2
ID_465_F1_15_F2_8_G_4_SplitPt_191_GenID_0	32	0	182	490	3	198	190
f8_30	32	1
f15_19	32	2
f15_18	32	2
ID_147_F1_4_F2_15_G_4_SplitPt_159_GenID_0	32	2
ID_465_F1_15_F2_8_G_4_SplitPt_191_GenID_0	32	0	3	198	184	500	191
f15_19	32	1
f15_18	32	1
ID_147_F1_4_F2_15_G_4_SplitPt_159_GenID_0	32	1
f8_29	32	2
ID_78_F1_15_F2_8_G_4_SplitPt_215_GenID_0	32	2
f8_28	32	2
ID_147_F1_4_F2_15_G_4_SplitPt_159_GenID_0	33	0	159	500	1	159	159
ID_465_F1_15_F2_8_G_4_SplitPt_191_GenID_0	33	1
f15_19	33	1
f15_18	33	1
f4_21	33	2
ID_123_F1_4_F2_18_G_3_SplitPt_67_GenID_0	33	2
f4_20	33	2
ID_78_F1_15_F2_8_G_4_SplitPt_215_GenID_0	34	0	214	500	1	215	214
ID_465_F1_15_F2_8_G_4_SplitPt_191_GenID_0	34	1
f8_29	34	1
f8_28	34	1
f15_3	34	2
f15_2	34	2
ID_183_F1_15_F2_11_G_3_SplitPt_99_GenID_0	35	0	2	99	86	494	92
f15_3	35	1
f11_2	35	2
ID_56_F1_3_F2_7_G_4_SplitPt_197_GenID_0	36	0	196	498	1	198	197
ID_510_F1_1_F2_7_G_3_SplitPt_177_GenID_0	36	1
f7_9	36	1
ID_8_F1_16_F2_7_G_3_SplitPt_218_GenID_0	36	1
f7_8	36	1
ID_446_F1_8_F2_7_G_4_SplitPt_126_GenID_0	36	1
ID_354_F1_10_F2_7_G_3_SplitPt_102_GenID_0	36	1
f3_23	36	2
f3_22	36	2
ID_350_F1_19_F2_3_G_3_SplitPt_92_GenID_0	37	0	73	494	3	88	80
f3_23	37	1
f3_22	37	1
f19_31	37	2
f19_30	37	2
f19_31	38	0	6	86	81	500	83
f19_30	38	0	1	90	76	500	83
ID_350_F1_19_F2_3_G_3_SplitPt_92_GenID_0	38	1
ID_314_F1_19_F2_19_G_3_SplitPt_80_GenID_0	38	2
ID_280_F1_19_F2_0_G_4_SplitPt_211_GenID_0	39	0	1	212	215	499	213
ID_314_F1_19_F2_19_G_3_SplitPt_80_GenID_0	39	1
f19_7	39	1
f19_6	39	1
f0_21	39	2
f0_20	39	2
f0_21	40	0	219	498	13	149	184
f0_20	40	0	212	500	1	147	179
ID_280_F1_19_F2_0_G_4_SplitPt_211_GenID_0	40	1
ID_497_F1_0_F2_0_G_3_SplitPt_137_GenID_0	40	2
ID_174_F1_10_F2_19_G_4_SplitPt_57_GenID_0	41	0	48	499	1	62	55
f19_12	41	1
f19_13	41	1
f10_17	41	2
f10_16	41	2
ID_165_F1_10_F2_4_G_4_SplitPt_239_GenID_0	42	0	5	198	220	499	209
f10_17	42	1
f4_15	42	2
f4_14	42	2
ID_165_F1_10_F2_4_G_4_SplitPt_239_GenID_0	42	0	1	238	220	499	229
f10_19	42	1
f10_18	42	1
f4_15	42	2
f4_14	42	2
ID_142_F1_19_F2_7_G_3_SplitPt_177_GenID_0	43	0	3	179	180	500	179
f19_15	43	1
ID_109_F1_19_F2_10_G_4_SplitPt_187_GenID_0	43	1
f7_3	43	2
ID_109_F1_19_F2_10_G_4_SplitPt_187_GenID_0	44	0	1	187	181	499	184
f19_14	44	1
f19_15	44	1
ID_142_F1_19_F2_7_G_3_SplitPt_177_GenID_0	44	1
f10_29	44	2
f10_28	44	2
ID_303_F1_10_F2_14_G_3_SplitPt_146_GenID_0	45	0	37	146	147	498	146
f10_29	45	1
ID_448_F1_5_F2_10_G_3_SplitPt_71_GenID_0	45	1
f14_27	45	2
f14_26	45	2
ID_277_F1_6_F2_14_G_4_SplitPt_56_GenID_0	45	2
ID_277_F1_6_F2_14_G_4_SplitPt_56_GenID_0	46	0	54	500	1	67	60
ID_303_F1_10_F2_14_G_3_SplitPt_146_GenID_0	46	1
f14_27	46	1
f14_26	46	1
f6_3	46	2
f6_2	46	2
ID_448_F1_5_F2_10_G_3_SplitPt_71_GenID_0	47	0	72	499	1	56	64
f10_29	47	1
ID_303_F1_10_F2_14_G_3_SplitPt_146_GenID_0	47	1
f10_28	47	1
f5_15	47	2
f5_14	47	2
f13_1	48	0	212	500	5	67	139
f13_0	48	0	211	500	1	70	140
ID_211_F1_1_F2_13_G_4_SplitPt_216_GenID_0	48	1
ID_275_F1_13_F2_15_G_4_SplitPt_67_GenID_0	48	2
ID_275_F1_13_F2_15_G_4_SplitPt_67_GenID_0	49	0	3	68	57	499	62
f13_1	49	1
f13_0	49	1
f15_7	49	2
f15_6	49	2
ID_210_F1_19_F2_13_G_4_SplitPt_199_GenID_0	50	0	200	500	3	208	204
ID_218_F1_11_F2_13_G_3_SplitPt_135_GenID_0	50	1
f13_23	50	1
f13_22	50	1
f19_17	50	2
f19_16	50	2
ID_210_F1_19_F2_13_G_4_SplitPt_199_GenID_0	50	0	3	208	200	499	204
f19_17	50	1
f19_16	50	1
f13_20	50	2
ID_200_F1_3_F2_7_G_3_SplitPt_69_GenID_0	51	0	71	500	1	73	72
f7_27	51	1
f3_5	51	2
f3_4	51	2
f3_5	52	0	1	69	117	499	93
f3_4	52	0	1	77	119	499	98
ID_200_F1_3_F2_7_G_3_SplitPt_69_GenID_0	52	1
ID_197_F1_16_F2_3_G_4_SplitPt_105_GenID_0	52	2
ID_405_F1_9_F2_3_G_4_SplitPt_145_GenID_0	52	2
ID_197_F1_16_F2_3_G_4_SplitPt_105_GenID_0	53	0	120	499	1	106	113
f3_5	53	1
ID_110_F1_15_F2_3_G_3_SplitPt_151_GenID_0	53	1
f3_4	53	1
ID_405_F1_9_F2_3_G_4_SplitPt_145_GenID_0	53	1
f16_13	53	2
ID_144_F1_16_F2_5_G_4_SplitPt_207_GenID_0	53	2
f16_12	53	2
ID_144_F1_16_F2_5_G_4_SplitPt_207_GenID_0	54	0	1	208	207	499	207
ID_197_F1_16_F2_3_G_4_SplitPt_105_GenID_0	54	1
f16_13	54	1
f16_12	54	1
f5_9	54	2
f5_8	54	2
f5_9	55	0	205	500	1	105	155
f5_8	55	0	209	498	1	102	155
ID_144_F1_16_F2_5_G_4_SplitPt_207_GenID_0	55	1
ID_198_F1_5_F2_10_G_3_SplitPt_89_GenID_0	55	2
ID_198_F1_5_F2_10_G_3_SplitPt_89_GenID_0	56	0	1	108	95	500	101
f5_9	56	1
f5_8	56	1
f10_30	56	2
ID_349_F1_8_F2_10_G_4_SplitPt_120_GenID_0	56	2
ID_349_F1_8_F2_10_G_4_SplitPt_120_GenID_0	57	0	121	500	1	122	121
ID_198_F1_5_F2_10_G_3_SplitPt_89_GenID_0	57	1
f10_30	57	1
f10_31	57	1
f8_7	57	2
f8_6	57	2
ID_405_F1_9_F2_3_G_4_SplitPt_145_GenID_0	58	0	149	499	1	165	157
f3_5	58	1
ID_197_F1_16_F2_3_G_4_SplitPt_105_GenID_0	58	1
f3_4	58	1
f9_11	58	2
f9_10	58	2
ID_225_F1_0_F2_6_G_4_SplitPt_186_GenID_0	59	0	178	500	1	186	182
f6_23	59	1
f6_22	59	1
f0_17	59	2
ID_348_F1_0_F2_7_G_3_SplitPt_81_GenID_0	59	2
f0_16	59	2
ID_225_F1_0_F2_6_G_4_SplitPt_186_GenID_0	59	0	190	500	1	186	188
f6_19	59	1
f0_17	59	2
ID_348_F1_0_F2_7_G_3_SplitPt_81_GenID_0	59	2
f0_16	59	2
f0_17	60	0	11	133	216	500	174
f0_16	60	0	3	134	216	500	175
ID_225_F1_0_F2_6_G_4_SplitPt_186_GenID_0	60	1
ID_348_F1_0_F2_7_G_3_SplitPt_81_GenID_0	60	1
ID_136_F1_15_F2_0_G_3_SplitPt_215_GenID_0	60	2
ID_136_F1_15_F2_0_G_3_SplitPt_215_GenID_0	61	0	216	500	8	230	223
f0_17	61	1
f0_16	61	1
f15_13	61	2
ID_108_F1_15_F2_0_G_3_SplitPt_127_GenID_0	62	0	1	128	187	500	157
f15_15	62	1
f0_24	62	2
ID_377_F1_4_F2_0_G_4_SplitPt_241_GenID_0	62	2
ID_377_F1_4_F2_0_G_4_SplitPt_241_GenID_0	63	0	242	500	1	240	241
ID_108_F1_15_F2_0_G_3_SplitPt_127_GenID_0	63	1
f0_24	63	1
f0_25	63	1
f4_9	63	2
ID_203_F1_4_F2_2_G_4_SplitPt_208_GenID_0	63	2
f4_8	63	2
ID_95_F1_14_F2_2_G_4_SplitPt_106_GenID_0	64	0	221	500	92	189	205
f2_27	64	0	221	500	1	189	205
f2_26	64	0	212	500	1	189	200
ID_203_F1_4_F2_2_G_4_SplitPt_208_GenID_0	64	1
ID_55_F1_13_F2_2_G_4_SplitPt_228_GenID_0	64	1
ID_240_F1_2_F2_0_G_4_SplitPt_189_GenID_0	64	2
ID_240_F1_2_F2_0_G_4_SplitPt_189_GenID_0	65	0	1	189	188	500	188
ID_95_F1_14_F2_2_G_4_SplitPt_106_GenID_0	65	1
f2_27	65	1
f2_26	65	1
f0_31	65	2
f0_30	65	2
ID_55_F1_13_F2_2_G_4_SplitPt_228_GenID_0	66	0	223	500	1	229	226
ID_203_F1_4_F2_2_G_4_SplitPt_208_GenID_0	66	1
ID_95_F1_14_F2_2_G_4_SplitPt_106_GenID_0	66	1
f2_27	66	1
f2_26	66	1
f13_13	66	2
f13_12	66	2
ID_215_F1_5_F2_9_G_4_SplitPt_115_GenID_0	67	0	116	500	1	115	115
f9_3	67	1
f9_2	67	1
ID_239_F1_8_F2_9_G_4_SplitPt_194_GenID_0	67	1
f5_11	67	2
f5_10	67	2
ID_355_F1_15_F2_10_G_4_SplitPt_122_GenID_0	68	0	1	122	121	500	121
f15_23	68	1
f15_22	68	1
f10_27	68	2
f10_26	68	2
ID_34_F1_10_F2_10_G_4_SplitPt_242_GenID_0	68	2
ID_61_F1_14_F2_10_G_4_SplitPt_58_GenID_0	69	0	59	500	1	58	58
f10_25	69	1
ID_291_F1_2_F2_10_G_3_SplitPt_246_GenID_0	69	1
f10_24	69	1
f14_1	69	2
f14_0	69	2
f14_1	70	0	1	58	114	499	86
f14_0	70	0	1	58	116	500	87
ID_61_F1_14_F2_10_G_4_SplitPt_58_GenID_0	70	1
ID_25_F1_16_F2_14_G_3_SplitPt_115_GenID_0	70	2
f14_1	70	0	180	499	1	140	160
f14_3	70	0	180	500	1	141	160
f14_2	70	0	180	499	3	140	160
ID_470_F1_9_F2_14_G_3_SplitPt_179_GenID_0	70	1
ID_487_F1_14_F2_4_G_4_SplitPt_141_GenID_0	70	2
ID_487_F1_14_F2_4_G_4_SplitPt_141_GenID_0	71	0	1	140	139	500	139
f14_1	71	1
f14_3	71	1
f14_2	71	1
f14_0	71	1
f4_27	71	2
f4_26	71	2
ID_25_F1_16_F2_14_G_3_SplitPt_115_GenID_0	72	0	115	499	1	118	116
f14_1	72	1
f14_0	72	1
f16_2	72	2
ID_422_F1_2_F2_16_G_4_SplitPt_64_GenID_0	73	0	65	500	1	64	64
f16_2	73	1
f16_3	73	1
ID_440_F1_16_F2_16_G_4_SplitPt_122_GenID_0	73	1
f2_3	73	2
f2_2	73	2
ID_440_F1_16_F2_16_G_4_SplitPt_122_GenID_0	74	0	123	500	1	136	129
f16_2	74	1
f16_3	74	1
ID_422_F1_2_F2_16_G_4_SplitPt_64_GenID_0	74	1
f16_27	74	2
ID_456_F1_16_F2_10_G_4_SplitPt_160_GenID_0	74	2
f16_26	74	2
ID_75_F1_2_F2_16_G_4_SplitPt_60_GenID_0	74	2
ID_86_F1_15_F2_10_G_4_SplitPt_81_GenID_0	75	0	82	500	1	87	84
ID_456_F1_16_F2_10_G_4_SplitPt_160_GenID_0	75	1
f10_23	75	1
ID_450_F1_10_F2_19_G_4_SplitPt_247_GenID_0	75	1
f10_22	75	1
f15_31	75	2
ID_193_F1_15_F2_9_G_4_SplitPt_147_GenID_0	75	2
f15_30	75	2
ID_193_F1_15_F2_9_G_4_SplitPt_147_GenID_0	76	0	1	155	146	500	150
ID_86_F1_15_F2_10_G_4_SplitPt_81_GenID_0	76	1
f15_31	76	1
f15_30	76	1
f9_23	76	2
f9_21	76	2
f9_20	76	2
ID_450_F1_10_F2_19_G_4_SplitPt_247_GenID_0	77	0	41	249	246	499	247
ID_456_F1_16_F2_10_G_4_SplitPt_160_GenID_0	77	1
f10_23	77	1
f10_22	77	1
ID_86_F1_15_F2_10_G_4_SplitPt_81_GenID_0	77	1
f19_5	77	2
f19_4	77	2
ID_450_F1_10_F2_19_G_4_SplitPt_247_GenID_0	77	0	246	499	191	246	246
f19_5	77	1
f19_4	77	1
ID_432_F1_5_F2_10_G_3_SplitPt_191_GenID_0	77	2
ID_432_F1_5_F2_10_G_3_SplitPt_191_GenID_0	78	0	191	246	8	190	190
ID_450_F1_10_F2_19_G_4_SplitPt_247_GenID_0	78	1
f5_1	78	2
ID_31_F1_5_F2_17_G_4_SplitPt_203_GenID_0	78	2
f5_0	78	2
ID_31_F1_5_F2_17_G_4_SplitPt_203_GenID_0	79	0	1	201	205	500	203
ID_432_F1_5_F2_10_G_3_SplitPt_191_GenID_0	79	1
f5_1	79	1
f5_0	79	1
f17_27	79	2
f17_26	79	2
ID_75_F1_2_F2_16_G_4_SplitPt_60_GenID_0	80	0	60	336	1	59	59
ID_440_F1_16_F2_16_G_4_SplitPt_122_GenID_0	80	1
f16_27	80	1
ID_456_F1_16_F2_10_G_4_SplitPt_160_GenID_0	80	1
f16_26	80	1
f2_25	80	2
f2_24	80	2
ID_470_F1_9_F2_14_G_3_SplitPt_179_GenID_0	81	0	180	499	2	180	180
f14_1	81	1
f14_3	81	1
f14_2	81	1
f9_9	81	2
ID_358_F1_9_F2_14_G_4_SplitPt_151_GenID_0	81	2
f9_8	81	2
ID_358_F1_9_F2_14_G_4_SplitPt_151_GenID_0	82	0	2	151	154	500	152
ID_470_F1_9_F2_14_G_3_SplitPt_179_GenID_0	82	1
f9_9	82	1
f9_8	82	1
f14_5	82	2
f14_4	82	2
ID_420_F1_0_F2_4_G_4_SplitPt_212_GenID_0	83	0	212	500	1	211	211
ID_449_F1_13_F2_4_G_4_SplitPt_124_GenID_0	83	1
f4_13	83	1
f4_12	83	1
ID_68_F1_4_F2_4_G_3_SplitPt_108_GenID_0	83	1
f0_23	83	2
f0_22	83	2
ID_474_F1_11_F2_0_G_3_SplitPt_73_GenID_0	83	2
ID_238_F1_11_F2_0_G_4_SplitPt_201_GenID_0	84	0	1	201	202	499	201
ID_474_F1_11_F2_0_G_3_SplitPt_73_GenID_0	84	1
f11_11	84	1
f11_10	84	1
ID_373_F1_11_F2_0_G_3_SplitPt_203_GenID_0	84	1
f0_7	84	2
f0_6	84	2
ID_376_F1_4_F2_0_G_3_SplitPt_144_GenID_0	84	2
f0_7	85	0	166	499	1	83	124
f0_6	85	0	164	499	1	80	122
ID_238_F1_11_F2_0_G_4_SplitPt_201_GenID_0	85	1
ID_376_F1_4_F2_0_G_3_SplitPt_144_GenID_0	85	1
ID_384_F1_0_F2_5_G_4_SplitPt_82_GenID_0	85	2
ID_376_F1_4_F2_0_G_3_SplitPt_144_GenID_0	86	0	127	499	2	136	131
ID_238_F1_11_F2_0_G_4_SplitPt_201_GenID_0	86	1
f0_7	86	1
f0_6	86	1
f4_19	86	2
f4_18	86	2
ID_384_F1_0_F2_5_G_4_SplitPt_82_GenID_0	87	0	1	81	84	496	82
f0_7	87	1
f0_6	87	1
f5_23	87	2
f5_22	87	2
ID_454_F1_5_F2_17_G_4_SplitPt_212_GenID_0	87	2
f5_23	88	0	78	500	1	89	83
f5_22	88	0	84	496	1	96	90
ID_454_F1_5_F2_17_G_4_SplitPt_212_GenID_0	88	0	84	254	1	96	90
ID_384_F1_0_F2_5_G_4_SplitPt_82_GenID_0	88	1
ID_182_F1_5_F2_1_G_3_SplitPt_89_GenID_0	88	2
ID_425_F1_3_F2_17_G_3_SplitPt_129_GenID_0	89	0	126	499	1	125	125
ID_454_F1_5_F2_17_G_4_SplitPt_212_GenID_0	89	1
f17_3	89	1
f17_2	89	1
f3_17	89	2
f3_16	89	2
ID_182_F1_5_F2_1_G_3_SplitPt_89_GenID_0	90	0	1	96	90	500	93
f5_23	90	1
f5_22	90	1
ID_454_F1_5_F2_17_G_4_SplitPt_212_GenID_0	90	1
f1_8	90	2
ID_373_F1_11_F2_0_G_3_SplitPt_203_GenID_0	91	0	1	204	210	499	207
ID_238_F1_11_F2_0_G_4_SplitPt_201_GenID_0	91	1
f11_10	91	1
f0_29	91	2
ID_181_F1_15_F2_0_G_4_SplitPt_118_GenID_0	91	2
f0_28	91	2
ID_181_F1_15_F2_0_G_4_SplitPt_118_GenID_0	92	0	119	500	1	117	118
ID_373_F1_11_F2_0_G_3_SplitPt_203_GenID_0	92	1
f0_29	92	1
f0_28	92	1
f15_27	92	2
f15_26	92	2
ID_278_F1_11_F2_0_G_4_SplitPt_242_GenID_0	93	0	243	500	1	248	245
f0_23	93	1
f0_22	93	1
ID_474_F1_11_F2_0_G_3_SplitPt_73_GenID_0	93	1
f11_15	93	2
f11_14	93	2
ID_223_F1_4_F2_17_G_4_SplitPt_115_GenID_0	94	0	2	119	117	499	118
f4_13	94	1
f4_12	94	1
f17_9	94	2
f17_8	94	2
ID_58_F1_2_F2_7_G_3_SplitPt_228_GenID_0	95	0	220	500	2	221	220
f7_12	95	1
f2_23	95	2
ID_89_F1_2_F2_18_G_4_SplitPt_169_GenID_0	95	2
f2_22	95	2
ID_89_F1_2_F2_18_G_4_SplitPt_169_GenID_0	96	0	2	172	170	500	171
ID_58_F1_2_F2_7_G_3_SplitPt_228_GenID_0	96	1
f2_23	96	1
f2_22	96	1
f18_19	96	2
f18_18	96	2
ID_481_F1_17_F2_6_G_3_SplitPt_90_GenID_0	97	0	93	498	2	96	94
f6_9	97	1
f17_20	97	2
ID_471_F1_6_F2_17_G_3_SplitPt_147_GenID_0	98	0	1	145	143	496	144
f6_9	98	1
f17_30	98	2
ID_271_F1_18_F2_17_G_3_SplitPt_120_GenID_0	99	0	122	500	9	117	119
ID_269_F1_18_F2_17_G_4_SplitPt_97_GenID_0	99	1
f17_21	99	1
f17_20	99	1
f18_29	99	2
f18_28	99	2
ID_272_F1_18_F2_18_G_4_SplitPt_62_GenID_0	99	2
ID_161_F1_14_F2_18_G_4_SplitPt_131_GenID_0	100	0	131	500	2	149	140
f18_16	100	1
f18_17	100	1
ID_232_F1_8_F2_18_G_3_SplitPt_114_GenID_0	100	1
f14_29	100	2
f14_28	100	2
ID_232_F1_8_F2_18_G_3_SplitPt_114_GenID_0	101	0	129	500	2	137	133
f18_16	101	1
ID_161_F1_14_F2_18_G_4_SplitPt_131_GenID_0	101	1
f8_0	101	2
ID_99_F1_7_F2_18_G_4_SplitPt_57_GenID_0	102	0	58	500	1	55	56
f18_29	102	1
f18_28	102	1
ID_272_F1_18_F2_18_G_4_SplitPt_62_GenID_0	102	1
f7_11	102	2
ID_312_F1_7_F2_10_G_3_SplitPt_57_GenID_0	102	2
f7_10	102	2
ID_76_F1_7_F2_6_G_4_SplitPt_196_GenID_0	102	2
f7_11	103	0	1	55	225	499	140
f7_10	103	0	1	57	229	495	143
ID_99_F1_7_F2_18_G_4_SplitPt_57_GenID_0	103	1
ID_312_F1_7_F2_10_G_3_SplitPt_57_GenID_0	103	1
ID_76_F1_7_F2_6_G_4_SplitPt_196_GenID_0	103	1
ID_388_F1_14_F2_7_G_3_SplitPt_226_GenID_0	103	2
ID_71_F1_18_F2_7_G_4_SplitPt_215_GenID_0	103	2
ID_414_F1_0_F2_7_G_3_SplitPt_250_GenID_0	103	2
ID_312_F1_7_F2_10_G_3_SplitPt_57_GenID_0	104	0	3	53	48	491	50
ID_99_F1_7_F2_18_G_4_SplitPt_57_GenID_0	104	1
f7_11	104	1
f7_10	104	1
ID_76_F1_7_F2_6_G_4_SplitPt_196_GenID_0	104	1
f10_0	104	2
ID_388_F1_14_F2_7_G_3_SplitPt_226_GenID_0	105	0	225	499	1	223	224
f7_11	105	1
f7_10	105	1
ID_71_F1_18_F2_7_G_4_SplitPt_215_GenID_0	105	1
f14_21	105	2
ID_71_F1_18_F2_7_G_4_SplitPt_215_GenID_0	106	0	221	499	1	215	218
f7_11	106	1
f7_10	106	1
ID_388_F1_14_F2_7_G_3_SplitPt_226_GenID_0	106	1
ID_414_F1_0_F2_7_G_3_SplitPt_250_GenID_0	106	1
f18_25	106	2
f18_24	106	2
ID_76_F1_7_F2_6_G_4_SplitPt_196_GenID_0	107	0	1	125	196	499	160
ID_99_F1_7_F2_18_G_4_SplitPt_57_GenID_0	107	1
f7_11	107	1
ID_312_F1_7_F2_10_G_3_SplitPt_57_GenID_0	107	1
f7_10	107	1
f6_17	107	2
f6_16	107	2
ID_344_F1_18_F2_3_G_3_SplitPt_105_GenID_0	108	0	1	91	100	493	95
f18_29	108	1
f18_28	108	1
f3_21	108	2
f3_20	108	2
ID_269_F1_18_F2_17_G_4_SplitPt_97_GenID_0	109	0	98	500	1	97	97
f17_21	109	1
f17_20	109	1
ID_271_F1_18_F2_17_G_3_SplitPt_120_GenID_0	109	1
f18_23	109	2
f18_22	109	2
ID_176_F1_8_F2_9_G_3_SplitPt_209_GenID_0	110	0	1	209	204	495	206
f8_11	110	1
f8_10	110	1
f9_31	110	2
f9_30	110	2
ID_145_F1_11_F2_9_G_4_SplitPt_108_GenID_0	110	2
f9_31	111	0	127	497	1	135	131
f9_30	111	0	160	500	1	123	141
ID_176_F1_8_F2_9_G_3_SplitPt_209_GenID_0	111	1
ID_145_F1_11_F2_9_G_4_SplitPt_108_GenID_0	111	1
ID_504_F1_9_F2_10_G_3_SplitPt_122_GenID_0	111	2
ID_145_F1_11_F2_9_G_4_SplitPt_108_GenID_0	112	0	109	500	1	101	105
ID_176_F1_8_F2_9_G_3_SplitPt_209_GenID_0	112	1
f9_31	112	1
f9_30	112	1
f11_9	112	2
ID_205_F1_11_F2_1_G_4_SplitPt_54_GenID_0	112	2
f11_8	112	2
ID_479_F1_11_F2_12_G_4_SplitPt_94_GenID_0	112	2
f11_9	113	0	1	91	202	500	146
f11_8	113	0	1	94	202	500	148
ID_145_F1_11_F2_9_G_4_SplitPt_108_GenID_0	113	1
ID_205_F1_11_F2_1_G_4_SplitPt_54_GenID_0	113	1
ID_479_F1_11_F2_12_G_4_SplitPt_94_GenID_0	113	1
ID_40_F1_16_F2_11_G_4_SplitPt_201_GenID_0	113	2
ID_205_F1_11_F2_1_G_4_SplitPt_54_GenID_0	114	0	1	54	49	496	51
ID_145_F1_11_F2_9_G_4_SplitPt_108_GenID_0	114	1
f11_9	114	1
f11_8	114	1
ID_479_F1_11_F2_12_G_4_SplitPt_94_GenID_0	114	1
f1_11	114	2
ID_229_F1_1_F2_11_G_4_SplitPt_118_GenID_0	114	2
f1_10	114	2
ID_229_F1_1_F2_11_G_4_SplitPt_118_GenID_0	115	0	4	118	121	500	119
ID_205_F1_11_F2_1_G_4_SplitPt_54_GenID_0	115	1
f1_11	115	1
f1_10	115	1
f11_19	115	2
f11_18	115	2
ID_105_F1_3_F2_11_G_4_SplitPt_219_GenID_0	115	2
ID_229_F1_1_F2_11_G_4_SplitPt_118_GenID_0	115	0	4	118	113	245	115
ID_205_F1_11_F2_1_G_4_SplitPt_54_GenID_0	115	1
f1_11	115	1
f1_10	115	1
ID_209_F1_11_F2_5_G_4_SplitPt_247_GenID_0	115	2
ID_105_F1_3_F2_11_G_4_SplitPt_219_GenID_0	115	0	220	500	1	219	219
ID_229_F1_1_F2_11_G_4_SplitPt_118_GenID_0	115	1
f11_19	115	1
f11_18	115	1
f3_25	115	2
ID_398_F1_3_F2_12_G_3_SplitPt_126_GenID_0	115	2
f3_24	115	2
ID_398_F1_3_F2_12_G_3_SplitPt_126_GenID_0	116	0	1	125	213	496	169
ID_105_F1_3_F2_11_G_4_SplitPt_219_GenID_0	116	1
f3_25	116	1
f12_23	116	2
ID_102_F1_11_F2_12_G_4_SplitPt_210_GenID_0	116	2
ID_175_F1_13_F2_12_G_4_SplitPt_246_GenID_0	116	2
ID_175_F1_13_F2_12_G_4_SplitPt_246_GenID_0	117	0	247	500	1	253	250
ID_398_F1_3_F2_12_G_3_SplitPt_126_GenID_0	117	1
f12_23	117	1
ID_102_F1_11_F2_12_G_4_SplitPt_210_GenID_0	117	1
f12_22	117	1
f13_18	117	2
ID_175_F1_13_F2_12_G_4_SplitPt_246_GenID_0	117	0	247	500	2	261	254
ID_398_F1_3_F2_12_G_3_SplitPt_126_GenID_0	117	1
f12_23	117	1
ID_102_F1_11_F2_12_G_4_SplitPt_210_GenID_0	117	1
f12_22	117	1
f13_17	117	2
f13_16	117	2
ID_102_F1_11_F2_12_G_4_SplitPt_210_GenID_0	117	0	214	500	1	212	213
ID_398_F1_3_F2_12_G_3_SplitPt_126_GenID_0	117	1
f12_23	117	1
f12_22	117	1
ID_175_F1_13_F2_12_G_4_SplitPt_246_GenID_0	117	1
f11_21	117	2
f11_20	117	2
ID_209_F1_11_F2_5_G_4_SplitPt_247_GenID_0	118	0	113	245	249	499	247
ID_229_F1_1_F2_11_G_4_SplitPt_118_GenID_0	118	1
f5_19	118	2
ID_400_F1_9_F2_5_G_3_SplitPt_149_GenID_0	118	2
f5_18	118	2
ID_209_F1_11_F2_5_G_4_SplitPt_247_GenID_0	118	0	249	499	1	267	258
f5_19	118	1
ID_400_F1_9_F2_5_G_3_SplitPt_149_GenID_0	118	1
f5_18	118	1
f11_17	118	2
f11_16	118	2
ID_479_F1_11_F2_12_G_4_SplitPt_94_GenID_0	119	0	1	92	90	498	91
ID_145_F1_11_F2_9_G_4_SplitPt_108_GenID_0	119	1
f11_9	119	1
ID_205_F1_11_F2_1_G_4_SplitPt_54_GenID_0	119	1
f11_8	119	1
f12_30	119	2
f12_28	119	2
f12_29	119	2
ID_40_F1_16_F2_11_G_4_SplitPt_201_GenID_0	120	0	202	500	1	201	201
f11_9	120	1
f11_8	120	1
f16_15	120	2
f16_14	120	2
f16_5	121	0	119	500	1	127	123
ID_103_F1_18_F2_16_G_3_SplitPt_122_GenID_0	121	1
ID_309_F1_16_F2_15_G_4_SplitPt_126_GenID_0	121	2
f15_9	122	0	64	350	1	55	59
f15_8	122	0	67	350	1	62	64
ID_309_F1_16_F2_15_G_4_SplitPt_126_GenID_0	122	1
ID_357_F1_15_F2_5_G_3_SplitPt_199_GenID_0	122	1
ID_137_F1_15_F2_13_G_4_SplitPt_55_GenID_0	122	2
ID_357_F1_15_F2_5_G_3_SplitPt_199_GenID_0	123	0	8	200	201	497	200
ID_309_F1_16_F2_15_G_4_SplitPt_126_GenID_0	123	1
f15_9	123	1
f15_8	123	1
f5_17	123	2
f5_16	123	2
ID_491_F1_13_F2_5_G_3_SplitPt_213_GenID_0	124	0	218	499	1	213	215
f5_17	124	1
f13_28	124	2
ID_509_F1_16_F2_5_G_3_SplitPt_167_GenID_0	125	0	166	500	1	167	166
f5_17	125	1
f5_16	125	1
f16_16	125	2
ID_444_F1_16_F2_11_G_4_SplitPt_241_GenID_0	126	0	1	241	242	500	241
f16_16	126	1
f16_17	126	1
f11_25	126	2
f11_24	126	2
ID_137_F1_15_F2_13_G_4_SplitPt_55_GenID_0	127	0	1	58	56	500	57
f15_9	127	1
f15_8	127	1
f13_7	127	2
ID_345_F1_13_F2_17_G_4_SplitPt_222_GenID_0	127	2
f13_6	127	2
ID_345_F1_13_F2_17_G_4_SplitPt_222_GenID_0	128	0	1	228	223	500	225
ID_137_F1_15_F2_13_G_4_SplitPt_55_GenID_0	128	1
f13_7	128	1
f13_6	128	1
f17_25	128	2
f17_24	128	2
ID_103_F1_18_F2_16_G_3_SplitPt_122_GenID_0	129	0	111	500	11	121	116
f16_5	129	1
f16_4	129	1
f18_31	129	2
ID_204_F1_13_F2_4_G_4_SplitPt_174_GenID_0	130	0	175	500	1	174	174
ID_336_F1_4_F2_2_G_4_SplitPt_235_GenID_0	130	1
f4_31	130	1
ID_72_F1_4_F2_11_G_3_SplitPt_245_GenID_0	130	1
f4_30	130	1
f4_29	130	1
f13_5	130	2
f13_4	130	2
ID_72_F1_4_F2_11_G_3_SplitPt_245_GenID_0	131	0	2	234	243	497	238
ID_336_F1_4_F2_2_G_4_SplitPt_235_GenID_0	131	1
f4_31	131	1
f4_30	131	1
ID_204_F1_13_F2_4_G_4_SplitPt_174_GenID_0	131	1
f11_23	131	2
ID_336_F1_4_F2_2_G_4_SplitPt_235_GenID_0	132	0	2	235	236	500	235
f4_31	132	1
ID_72_F1_4_F2_11_G_3_SplitPt_245_GenID_0	132	1
f4_30	132	1
f4_29	132	1
ID_204_F1_13_F2_4_G_4_SplitPt_174_GenID_0	132	1
f2_31	132	2
f2_30	132	2
ID_221_F1_1_F2_11_G_4_SplitPt_156_GenID_0	133	0	31	161	156	500	158
f1_2	133	1
f11_5	133	2
ID_18_F1_13_F2_11_G_3_SplitPt_122_GenID_0	133	2
f11_4	133	2
ID_276_F1_11_F2_8_G_4_SplitPt_228_GenID_0	133	2
ID_221_F1_1_F2_11_G_4_SplitPt_156_GenID_0	133	0	1	157	156	500	156
f1_1	133	1
f1_0	133	1
f11_5	133	2
ID_18_F1_13_F2_11_G_3_SplitPt_122_GenID_0	133	2
f11_4	133	2
ID_276_F1_11_F2_8_G_4_SplitPt_228_GenID_0	133	2
ID_276_F1_11_F2_8_G_4_SplitPt_228_GenID_0	134	0	1	228	218	500	223
ID_221_F1_1_F2_11_G_4_SplitPt_156_GenID_0	134	1
f11_5	134	1
f11_4	134	1
f8_25	134	2
f8_24	134	2
ID_18_F1_13_F2_11_G_3_SplitPt_122_GenID_0	135	0	123	500	1	123	123
ID_221_F1_1_F2_11_G_4_SplitPt_156_GenID_0	135	1
f11_5	135	1
f11_4	135	1
f13_3	135	2
ID_282_F1_13_F2_17_G_4_SplitPt_197_GenID_0	136	0	4	196	198	500	197
f13_3	136	1
f13_2	136	1
f17_29	136	2
ID_35_F1_12_F2_17_G_4_SplitPt_138_GenID_0	136	2
f17_28	136	2
ID_325_F1_12_F2_8_G_3_SplitPt_153_GenID_0	137	0	1	153	154	499	153
f12_19	137	1
f12_18	137	1
f8_21	137	2
ID_394_F1_9_F2_8_G_4_SplitPt_77_GenID_0	137	2
ID_394_F1_9_F2_8_G_4_SplitPt_77_GenID_0	138	0	79	499	1	76	77
ID_325_F1_12_F2_8_G_3_SplitPt_153_GenID_0	138	1
f8_21	138	1
f8_20	138	1
f9_27	138	2
f9_26	138	2
ID_394_F1_9_F2_8_G_4_SplitPt_77_GenID_0	138	0	79	499	2	73	76
ID_325_F1_12_F2_8_G_3_SplitPt_153_GenID_0	138	1
f8_21	138	1
f8_20	138	1
f9_25	138	2
f9_24	138	2
f9_27	138	0	1	75	245	499	160
f9_26	138	0	1	78	245	500	161
ID_394_F1_9_F2_8_G_4_SplitPt_77_GenID_0	138	1
ID_169_F1_7_F2_9_G_3_SplitPt_244_GenID_0	138	2
ID_169_F1_7_F2_9_G_3_SplitPt_244_GenID_0	139	0	245	500	2	249	247
f9_27	139	1
f9_26	139	1
f7_7	139	2
f7_6	139	2
ID_65_F1_2_F2_3_G_4_SplitPt_108_GenID_0	140	0	1	108	110	500	109
f2_7	140	1
f2_6	140	1
f3_9	140	2
f3_8	140	2
ID_65_F1_2_F2_3_G_4_SplitPt_108_GenID_0	140	0	2	108	110	500	109
f2_5	140	1
f2_4	140	1
f3_9	140	2
f3_8	140	2
ID_395_F1_19_F2_2_G_3_SplitPt_54_GenID_0	141	0	52	500	2	55	53
f2_5	141	1
f2_4	141	1
f19_27	141	2
f19_26	141	2
ID_263_F1_14_F2_17_G_4_SplitPt_213_GenID_0	142	0	214	500	1	215	214
ID_264_F1_12_F2_17_G_4_SplitPt_66_GenID_0	142	1
f17_5	142	1
f17_4	142	1
f14_23	142	2
f14_22	142	2
ID_264_F1_12_F2_17_G_4_SplitPt_66_GenID_0	143	0	67	500	1	73	70
f17_5	143	1
f17_4	143	1
ID_263_F1_14_F2_17_G_4_SplitPt_213_GenID_0	143	1
f12_11	143	2
f12_10	143	2
ID_143_F1_6_F2_12_G_3_SplitPt_148_GenID_0	144	0	151	497	4	152	151
f12_10	144	1
f6_5	144	2
f6_4	144	2
ID_416_F1_15_F2_3_G_4_SplitPt_239_GenID_0	145	0	236	500	2	239	237
ID_475_F1_12_F2_3_G_3_SplitPt_52_GenID_0	145	1
f3_31	145	1
f3_30	145	1
ID_296_F1_18_F2_3_G_3_SplitPt_99_GenID_0	145	1
f15_5	145	2
ID_170_F1_0_F2_15_G_3_SplitPt_168_GenID_0	145	2
f15_4	145	2
ID_85_F1_18_F2_16_G_4_SplitPt_162_GenID_0	146	0	161	500	1	162	161
f16_1	146	1
f16_0	146	1
f18_15	146	2
f18_14	146	2
ID_10_F1_6_F2_17_G_3_SplitPt_239_GenID_0	147	0	2	235	230	499	232
f6_14	147	1
f17_19	147	2
f17_18	147	2
ID_467_F1_19_F2_10_G_3_SplitPt_161_GenID_0	148	0	166	500	2	173	169
f10_7	148	1
f19_21	148	2
f19_20	148	2
ID_421_F1_7_F2_6_G_4_SplitPt_97_GenID_0	149	0	99	500	10	88	93
f6_31	149	1
f6_30	149	1
f7_20	149	2
ID_167_F1_18_F2_15_G_4_SplitPt_91_GenID_0	149	0	89	500	1	90	89
ID_488_F1_14_F2_15_G_3_SplitPt_171_GenID_0	149	1
f15_25	149	1
f15_24	149	1
f18_13	149	2
f18_12	149	2
ID_488_F1_14_F2_15_G_3_SplitPt_171_GenID_0	150	0	169	500	4	171	170
f15_25	150	1
f15_24	150	1
ID_167_F1_18_F2_15_G_4_SplitPt_91_GenID_0	150	1
f14_15	150	2
f14_14	150	2
ID_424_F1_14_F2_1_G_4_SplitPt_101_GenID_0	151	0	1	101	102	500	101
f14_13	151	1
f14_12	151	1
f1_5	151	2
f1_4	151	2
ID_288_F1_1_F2_7_G_3_SplitPt_225_GenID_0	151	2
ID_13_F1_0_F2_14_G_3_SplitPt_147_GenID_0	152	0	1	148	147	498	147
f0_13	152	1
f0_12	152	1
f14_31	152	2
f14_30	152	2
ID_157_F1_9_F2_14_G_4_SplitPt_135_GenID_0	153	0	136	500	1	134	135
f14_11	153	1
f14_10	153	1
f9_5	153	2
f9_4	153	2
ID_47_F1_11_F2_9_G_4_SplitPt_76_GenID_0	154	0	76	500	1	75	75
ID_506_F1_9_F2_9_G_4_SplitPt_68_GenID_0	154	1
f9_19	154	1
f9_18	154	1
f11_31	154	2
f11_30	154	2
ID_506_F1_9_F2_9_G_4_SplitPt_68_GenID_0	155	0	69	500	2	88	78
f9_19	155	1
f9_18	155	1
ID_47_F1_11_F2_9_G_4_SplitPt_76_GenID_0	155	1
f9_15	155	2
f9_12	155	2
f9_14	155	2
ID_247_F1_3_F2_11_G_3_SplitPt_102_GenID_0	156	0	102	492	8	101	101
f11_1	156	1
f11_0	156	1
f3_26	156	2
ID_406_F1_5_F2_9_G_3_SplitPt_88_GenID_0	157	0	5	85	70	498	77
f5_21	157	1
f5_20	157	1
f9_17	157	2
f9_16	157	2
ID_185_F1_12_F2_2_G_3_SplitPt_166_GenID_0	158	0	2	180	167	492	173
f12_16	158	1
f2_15	158	2
f2_14	158	2
ID_507_F1_5_F2_19_G_3_SplitPt_88_GenID_0	159	0	3	94	89	499	91
f5_3	159	1
f5_2	159	1
f19_29	159	2
f19_28	159	2
ID_130_F1_19_F2_16_G_4_SplitPt_129_GenID_0	160	0	115	499	2	129	122
f16_29	160	1
f16_28	160	1
f19_23	160	2
f19_22	160	2
