gene_id	fusion_event	family_number	start_med_align1	end_med_align1	start_med_align2	end_med_align2	break_point
ID_190_F1_2_F2_3_G_3_SplitPt_84_GenID_0	0	0	2	85	81	499	83
f2_31	0	1
f2_29	0	1
f2_30	0	1
f2_28	0	1
ID_156_F1_2_F2_5_G_1_SplitPt_108_GenID_0	0	1
f2_27	0	1
f2_26	0	1
f3_27	0	2
f3_24	0	2
f3_26	0	2
f3_25	0	2
ID_190_F1_2_F2_3_G_3_SplitPt_84_GenID_0	0	0	2	85	212	278	148
f2_31	0	1
f2_29	0	1
f2_30	0	1
f2_28	0	1
ID_156_F1_2_F2_5_G_1_SplitPt_108_GenID_0	0	1
f2_27	0	1
f2_26	0	1
f3_6	0	2
ID_206_F1_14_F2_1_G_4_SplitPt_193_GenID_0	0	0	185	500	4	200	192
ID_71_F1_4_F2_1_G_4_SplitPt_239_GenID_0	0	1
f1_11	0	1
f1_10	0	1
f1_9	0	1
f1_8	0	1
f14_15	0	2
f14_13	0	2
f14_14	0	2
f14_12	0	2
ID_206_F1_14_F2_1_G_4_SplitPt_193_GenID_0	0	0	185	500	6	195	190
ID_71_F1_4_F2_1_G_4_SplitPt_239_GenID_0	0	1
f1_11	0	1
f1_10	0	1
f1_9	0	1
f1_8	0	1
f14_8	0	2
ID_166_F1_16_F2_14_G_4_SplitPt_50_GenID_0	0	0	52	498	3	51	51
ID_233_F1_14_F2_17_G_3_SplitPt_137_GenID_0	0	1
f14_27	0	1
ID_123_F1_15_F2_14_G_4_SplitPt_50_GenID_0	0	1
f14_26	0	1
ID_69_F1_1_F2_14_G_3_SplitPt_200_GenID_0	0	1
f14_25	0	1
f14_24	0	1
f16_17	0	2
ID_166_F1_16_F2_14_G_4_SplitPt_50_GenID_0	0	0	52	498	1	50	51
ID_233_F1_14_F2_17_G_3_SplitPt_137_GenID_0	0	1
f14_27	0	1
ID_123_F1_15_F2_14_G_4_SplitPt_50_GenID_0	0	1
f14_26	0	1
ID_69_F1_1_F2_14_G_3_SplitPt_200_GenID_0	0	1
f14_25	0	1
f14_24	0	1
f16_23	0	2
f16_21	0	2
f16_22	0	2
f16_20	0	2
ID_81_F1_18_F2_14_G_4_SplitPt_175_GenID_0	0	0	176	500	1	188	182
f14_31	0	1
f14_28	0	1
f14_30	0	1
ID_56_F1_15_F2_14_G_4_SplitPt_103_GenID_0	0	1
f14_24	0	1
f14_29	0	1
f18_11	0	2
f18_9	0	2
f18_10	0	2
f18_8	0	2
ID_254_F1_5_F2_0_G_4_SplitPt_242_GenID_0	1	0	4	242	234	499	238
ID_202_F1_11_F2_5_G_3_SplitPt_135_GenID_0	1	1
f5_27	1	1
f5_26	1	1
f5_25	1	1
f5_24	1	1
f0_19	1	2
f0_17	1	2
f0_18	1	2
f0_16	1	2
ID_85_F1_2_F2_18_G_4_SplitPt_119_GenID_0	2	0	1	122	115	500	118
f2_3	2	1
f2_2	2	1
ID_28_F1_2_F2_8_G_4_SplitPt_163_GenID_0	2	1
f2_1	2	1
ID_10_F1_2_F2_19_G_2_SplitPt_243_GenID_0	2	1
f2_0	2	1
f18_23	2	2
f18_20	2	2
f18_22	2	2
f18_21	2	2
ID_82_F1_11_F2_16_G_4_SplitPt_159_GenID_0	3	0	160	500	1	176	168
ID_54_F1_16_F2_16_G_4_SplitPt_193_GenID_0	3	1
f16_9	3	1
f16_13	3	1
f16_15	3	1
f16_12	3	1
f16_11	3	1
f16_8	3	1
f16_10	3	1
f11_31	3	2
ID_141_F1_11_F2_14_G_3_SplitPt_73_GenID_0	3	2
f11_30	3	2
f11_28	3	2
f11_29	3	2
ID_141_F1_11_F2_14_G_3_SplitPt_73_GenID_0	4	0	1	72	72	498	72
ID_82_F1_11_F2_16_G_4_SplitPt_159_GenID_0	4	1
f11_31	4	1
f11_30	4	1
f11_28	4	1
f11_29	4	1
f14_19	4	2
f14_18	4	2
f14_17	4	2
f14_16	4	2
ID_17_F1_14_F2_13_G_3_SplitPt_225_GenID_0	5	0	1	225	227	500	226
f14_19	5	1
f14_18	5	1
f14_17	5	1
f14_16	5	1
f13_19	5	2
f13_18	5	2
f13_17	5	2
ID_157_F1_7_F2_10_G_3_SplitPt_239_GenID_0	6	0	240	500	1	243	241
f10_15	6	1
f10_12	6	1
f10_14	6	1
f10_13	6	1
f7_23	6	2
f7_20	6	2
f7_22	6	2
f7_21	6	2
ID_52_F1_0_F2_9_G_1_SplitPt_82_GenID_0	7	0	95	146	4	84	89
ID_96_F1_9_F2_4_G_4_SplitPt_158_GenID_0	7	1
f0_14	7	2
ID_52_F1_0_F2_9_G_1_SplitPt_82_GenID_0	7	0	95	146	4	82	88
ID_96_F1_9_F2_4_G_4_SplitPt_158_GenID_0	7	1
f0_11	7	2
f0_10	7	2
f0_9	7	2
ID_52_F1_0_F2_9_G_1_SplitPt_82_GenID_0	7	0	95	146	14	84	89
ID_96_F1_9_F2_4_G_4_SplitPt_158_GenID_0	7	1
f0_5	7	2
f0_4	7	2
ID_52_F1_0_F2_9_G_1_SplitPt_82_GenID_0	7	0	95	146	1	83	89
ID_96_F1_9_F2_4_G_4_SplitPt_158_GenID_0	7	1
ID_30_F1_0_F2_0_G_2_SplitPt_60_GenID_0	7	2
ID_7_F1_9_F2_8_G_4_SplitPt_119_GenID_0	7	0	112	350	1	119	115
ID_137_F1_8_F2_6_G_4_SplitPt_202_GenID_0	7	1
f8_13	7	1
f9_15	7	2
f9_13	7	2
f9_14	7	2
f9_12	7	2
ID_7_F1_9_F2_8_G_4_SplitPt_119_GenID_0	7	0	112	350	6	116	114
ID_137_F1_8_F2_6_G_4_SplitPt_202_GenID_0	7	1
f8_13	7	1
f9_10	7	2
f9_8	7	2
ID_7_F1_9_F2_8_G_4_SplitPt_119_GenID_0	7	0	113	500	1	119	116
f8_11	7	1
f8_8	7	1
f8_10	7	1
f8_9	7	1
f9_15	7	2
f9_13	7	2
f9_14	7	2
f9_12	7	2
ID_7_F1_9_F2_8_G_4_SplitPt_119_GenID_0	7	0	113	500	6	116	114
f8_11	7	1
f8_8	7	1
f8_10	7	1
f8_9	7	1
f9_10	7	2
f9_8	7	2
ID_176_F1_4_F2_8_G_2_SplitPt_171_GenID_0	7	0	7	171	172	497	171
f4_25	7	1
f4_26	7	1
f8_3	7	2
f8_0	7	2
f8_2	7	2
f8_1	7	2
ID_143_F1_19_F2_14_G_4_SplitPt_95_GenID_0	8	0	96	500	2	98	97
ID_9_F1_13_F2_14_G_4_SplitPt_171_GenID_0	8	1
f14_7	8	1
ID_232_F1_1_F2_14_G_2_SplitPt_224_GenID_0	8	1
f14_6	8	1
ID_64_F1_14_F2_6_G_4_SplitPt_130_GenID_0	8	1
f14_5	8	1
f14_4	8	1
f19_2	8	2
f19_0	8	2
f19_1	8	2
ID_117_F1_19_F2_4_G_3_SplitPt_149_GenID_0	8	2
ID_143_F1_19_F2_14_G_4_SplitPt_95_GenID_0	8	0	2	98	102	180	100
f19_2	8	1
f19_0	8	1
f19_1	8	1
ID_117_F1_19_F2_4_G_3_SplitPt_149_GenID_0	8	1
ID_188_F1_14_F2_11_G_1_SplitPt_174_GenID_0	8	2
ID_232_F1_1_F2_14_G_2_SplitPt_224_GenID_0	9	0	214	499	1	214	214
ID_9_F1_13_F2_14_G_4_SplitPt_171_GenID_0	9	1
f14_7	9	1
f14_6	9	1
f14_5	9	1
ID_143_F1_19_F2_14_G_4_SplitPt_95_GenID_0	9	1
f14_4	9	1
f1_31	9	2
f1_29	9	2
f1_30	9	2
f1_28	9	2
ID_152_F1_12_F2_15_G_3_SplitPt_163_GenID_0	10	0	1	161	164	500	162
f12_23	10	1
f12_22	10	1
f12_21	10	1
f12_20	10	1
f15_17	10	2
f15_16	10	2
ID_152_F1_12_F2_15_G_3_SplitPt_163_GenID_0	10	0	48	168	164	500	166
f12_30	10	1
f15_17	10	2
f15_16	10	2
ID_134_F1_12_F2_7_G_4_SplitPt_223_GenID_0	11	0	1	223	224	499	223
ID_79_F1_12_F2_6_G_4_SplitPt_231_GenID_0	11	1
f12_31	11	1
f12_27	11	1
f12_30	11	1
f12_29	11	1
f12_28	11	1
f7_31	11	2
ID_102_F1_8_F2_7_G_3_SplitPt_218_GenID_0	11	2
f7_30	11	2
f7_29	11	2
f7_28	11	2
ID_134_F1_12_F2_7_G_4_SplitPt_223_GenID_0	11	0	1	223	211	499	217
ID_79_F1_12_F2_6_G_4_SplitPt_231_GenID_0	11	1
f12_31	11	1
f12_27	11	1
f12_30	11	1
f12_29	11	1
f12_28	11	1
f7_27	11	2
f7_25	11	2
ID_245_F1_19_F2_9_G_3_SplitPt_247_GenID_0	11	0	243	493	115	186	214
f9_31	11	1
f9_29	11	1
f9_30	11	1
f9_28	11	1
ID_235_F1_13_F2_9_G_3_SplitPt_105_GenID_0	11	1
f19_6	11	2
ID_245_F1_19_F2_9_G_3_SplitPt_247_GenID_0	11	0	243	493	3	247	245
f9_31	11	1
f9_29	11	1
f9_30	11	1
f9_28	11	1
ID_235_F1_13_F2_9_G_3_SplitPt_105_GenID_0	11	1
f19_19	11	2
f19_18	11	2
f19_16	11	2
f19_17	11	2
ID_245_F1_19_F2_9_G_3_SplitPt_247_GenID_0	11	0	243	493	163	218	230
f9_31	11	1
f9_29	11	1
f9_30	11	1
f9_28	11	1
ID_235_F1_13_F2_9_G_3_SplitPt_105_GenID_0	11	1
ID_253_F1_5_F2_19_G_1_SplitPt_159_GenID_0	11	2
ID_252_F1_5_F2_13_G_3_SplitPt_101_GenID_0	11	0	102	499	2	104	103
ID_198_F1_13_F2_16_G_3_SplitPt_238_GenID_0	11	1
f13_23	11	1
f13_20	11	1
f13_22	11	1
f13_21	11	1
f5_25	11	2
f5_24	11	2
ID_252_F1_5_F2_13_G_3_SplitPt_101_GenID_0	11	0	102	499	27	101	101
ID_198_F1_13_F2_16_G_3_SplitPt_238_GenID_0	11	1
f13_23	11	1
f13_20	11	1
f13_22	11	1
f13_21	11	1
f5_29	11	2
ID_252_F1_5_F2_13_G_3_SplitPt_101_GenID_0	11	0	102	499	1	92	97
ID_198_F1_13_F2_16_G_3_SplitPt_238_GenID_0	11	1
f13_23	11	1
f13_20	11	1
f13_22	11	1
f13_21	11	1
ID_231_F1_5_F2_14_G_1_SplitPt_107_GenID_0	11	2
ID_148_F1_17_F2_0_G_3_SplitPt_193_GenID_0	11	0	191	500	5	194	192
f0_21	11	1
f0_20	11	1
ID_136_F1_17_F2_7_G_1_SplitPt_162_GenID_0	11	2
ID_125_F1_6_F2_18_G_4_SplitPt_125_GenID_0	12	0	7	125	126	500	125
ID_18_F1_9_F2_6_G_4_SplitPt_77_GenID_0	12	1
f6_27	12	1
f6_29	12	1
f6_31	12	1
f6_30	12	1
f6_28	12	1
f6_26	12	1
f6_25	12	1
ID_32_F1_6_F2_19_G_4_SplitPt_225_GenID_0	12	1
f6_24	12	1
ID_89_F1_16_F2_18_G_2_SplitPt_137_GenID_0	12	2
f18_26	12	2
f18_27	12	2
f18_24	12	2
f18_25	12	2
ID_125_F1_6_F2_18_G_4_SplitPt_125_GenID_0	12	0	7	125	159	492	142
ID_18_F1_9_F2_6_G_4_SplitPt_77_GenID_0	12	1
f6_27	12	1
f6_29	12	1
f6_31	12	1
f6_30	12	1
f6_28	12	1
f6_26	12	1
f6_25	12	1
ID_32_F1_6_F2_19_G_4_SplitPt_225_GenID_0	12	1
f6_24	12	1
f18_29	12	2
ID_125_F1_6_F2_18_G_4_SplitPt_125_GenID_0	12	0	126	500	52	120	123
ID_89_F1_16_F2_18_G_2_SplitPt_137_GenID_0	12	1
f18_26	12	1
f18_27	12	1
f18_24	12	1
f18_25	12	1
f6_11	12	2
ID_125_F1_6_F2_18_G_4_SplitPt_125_GenID_0	12	0	126	500	41	119	122
ID_89_F1_16_F2_18_G_2_SplitPt_137_GenID_0	12	1
f18_26	12	1
f18_27	12	1
f18_24	12	1
f18_25	12	1
f6_19	12	2
f6_18	12	2
f6_16	12	2
ID_125_F1_6_F2_18_G_4_SplitPt_125_GenID_0	12	0	52	120	159	492	139
f6_11	12	1
f18_29	12	2
ID_125_F1_6_F2_18_G_4_SplitPt_125_GenID_0	12	0	41	119	159	492	139
f6_19	12	1
f6_18	12	1
f6_16	12	1
f18_29	12	2
ID_18_F1_9_F2_6_G_4_SplitPt_77_GenID_0	13	0	1	79	65	500	72
f9_3	13	1
f9_2	13	1
ID_205_F1_9_F2_11_G_3_SplitPt_91_GenID_0	13	1
f9_1	13	1
ID_72_F1_9_F2_16_G_3_SplitPt_171_GenID_0	13	1
f9_0	13	1
f6_27	13	2
ID_125_F1_6_F2_18_G_4_SplitPt_125_GenID_0	13	2
f6_26	13	2
ID_138_F1_2_F2_6_G_3_SplitPt_151_GenID_0	13	2
f6_25	13	2
f6_24	13	2
ID_18_F1_9_F2_6_G_4_SplitPt_77_GenID_0	13	0	65	500	7	78	71
f6_27	13	1
ID_125_F1_6_F2_18_G_4_SplitPt_125_GenID_0	13	1
f6_26	13	1
ID_138_F1_2_F2_6_G_3_SplitPt_151_GenID_0	13	1
f6_25	13	1
f6_24	13	1
ID_207_F1_9_F2_18_G_1_SplitPt_164_GenID_0	13	2
