gene_id	fusion_event	family_number	start_med_align1	end_med_align1	start_med_align2	end_med_align2	break_point
f13_11	0	0	1	250	249	500	249
f13_10	0	0	1	266	248	500	257
ID_48_F1_13_F2_0_G_4_SplitPt_250_GenID_0	0	1
ID_78_F1_15_F2_13_G_4_SplitPt_248_GenID_0	0	2
ID_78_F1_15_F2_13_G_4_SplitPt_248_GenID_0	1	0	248	500	1	263	255
f13_11	1	1
f13_10	1	1
f15_13	1	2
f15_12	1	2
ID_12_F1_1_F2_0_G_4_SplitPt_177_GenID_0	2	0	178	500	1	194	186
f0_5	2	1
f0_4	2	1
ID_48_F1_13_F2_0_G_4_SplitPt_250_GenID_0	2	1
f1_5	2	2
f1_4	2	2
ID_11_F1_0_F2_6_G_4_SplitPt_235_GenID_0	3	0	1	236	229	499	232
f0_27	3	1
f0_26	3	1
f6_19	3	2
f6_18	3	2
ID_44_F1_0_F2_0_G_4_SplitPt_89_GenID_0	4	0	1	89	83	497	86
f0_16	4	1
f0_11	4	2
f0_10	4	2
ID_106_F1_0_F2_13_G_3_SplitPt_64_GenID_0	5	0	3	61	63	490	62
f0_17	5	1
f13_27	5	2
f13_26	5	2
ID_92_F1_11_F2_5_G_3_SplitPt_58_GenID_0	6	0	58	500	2	59	58
f5_29	6	1
f11_7	6	2
f11_6	6	2
ID_75_F1_13_F2_18_G_4_SplitPt_212_GenID_0	7	0	213	497	1	217	215
f18_23	7	1
f18_22	7	1
f13_7	7	2
f13_6	7	2
ID_52_F1_2_F2_13_G_4_SplitPt_103_GenID_0	8	0	1	103	101	500	102
f2_23	8	1
f2_22	8	1
f13_13	8	2
f13_12	8	2
ID_91_F1_14_F2_0_G_4_SplitPt_84_GenID_0	9	0	82	500	2	93	87
f0_7	9	1
f0_6	9	1
f14_29	9	2
f14_28	9	2
ID_6_F1_18_F2_9_G_3_SplitPt_78_GenID_0	10	0	1	82	78	500	80
f18_7	10	1
f9_1	10	2
ID_93_F1_7_F2_9_G_4_SplitPt_146_GenID_0	11	0	143	500	1	145	144
f9_1	11	1
f9_0	11	1
f7_25	11	2
f7_24	11	2
ID_74_F1_3_F2_1_G_4_SplitPt_205_GenID_0	12	0	205	499	1	206	205
f1_15	12	1
f1_9	12	1
f1_8	12	1
f3_23	12	2
f3_22	12	2
ID_32_F1_17_F2_4_G_4_SplitPt_222_GenID_0	13	0	221	498	1	219	220
f4_9	13	1
f4_8	13	1
f17_17	13	2
f17_16	13	2
ID_112_F1_16_F2_6_G_4_SplitPt_65_GenID_0	14	0	66	500	1	64	65
f6_15	14	1
f6_14	14	1
f16_21	14	2
f16_20	14	2
ID_94_F1_9_F2_12_G_4_SplitPt_159_GenID_0	15	0	155	499	1	159	157
f12_15	15	1
f12_14	15	1
f9_5	15	2
ID_110_F1_4_F2_9_G_3_SplitPt_103_GenID_0	15	2
f9_4	15	2
ID_51_F1_18_F2_5_G_4_SplitPt_125_GenID_0	16	0	128	500	1	127	127
ID_73_F1_19_F2_5_G_3_SplitPt_70_GenID_0	16	1
f5_1	16	1
f5_0	16	1
f18_19	16	2
f18_18	16	2
ID_73_F1_19_F2_5_G_3_SplitPt_70_GenID_0	17	0	101	500	4	70	85
f5_1	17	1
ID_51_F1_18_F2_5_G_4_SplitPt_125_GenID_0	17	1
f19_7	17	2
f19_6	17	2
ID_67_F1_1_F2_19_G_4_SplitPt_96_GenID_0	18	0	86	499	1	97	91
f19_8	18	1
f19_11	18	1
f19_13	18	1
f19_10	18	1
f1_23	18	2
f1_22	18	2
ID_49_F1_16_F2_5_G_4_SplitPt_107_GenID_0	19	0	4	107	108	498	107
f16_30	19	1
f5_19	19	2
f5_18	19	2
ID_49_F1_16_F2_5_G_4_SplitPt_107_GenID_0	19	0	3	107	108	498	107
f16_29	19	1
f16_28	19	1
f5_19	19	2
f5_18	19	2
f16_29	20	0	6	107	127	500	117
f16_28	20	0	1	107	119	500	113
ID_49_F1_16_F2_5_G_4_SplitPt_107_GenID_0	20	1
ID_69_F1_11_F2_16_G_3_SplitPt_130_GenID_0	20	2
ID_61_F1_8_F2_15_G_4_SplitPt_237_GenID_0	21	0	234	500	1	249	241
f15_29	21	1
f15_28	21	1
f8_25	21	2
f8_24	21	2
ID_21_F1_4_F2_14_G_4_SplitPt_124_GenID_0	22	0	1	130	123	498	126
f4_23	22	1
f4_22	22	1
f14_17	22	2
f14_16	22	2
ID_43_F1_0_F2_19_G_4_SplitPt_191_GenID_0	23	0	1	199	186	499	192
f0_3	23	1
f0_2	23	1
f19_17	23	2
f19_16	23	2
ID_79_F1_12_F2_5_G_4_SplitPt_248_GenID_0	24	0	1	246	234	492	240
f12_21	24	1
f12_20	24	1
f5_7	24	2
f5_6	24	2
ID_7_F1_2_F2_11_G_4_SplitPt_168_GenID_0	25	0	1	167	164	497	165
f2_3	25	1
f2_2	25	1
f11_27	25	2
f11_26	25	2
ID_47_F1_6_F2_17_G_4_SplitPt_206_GenID_0	26	0	1	215	204	500	209
f6_25	26	1
f6_24	26	1
f17_3	26	2
f17_2	26	2
ID_58_F1_7_F2_11_G_3_SplitPt_247_GenID_0	27	0	5	238	248	498	243
f7_22	27	1
f11_22	27	2
ID_71_F1_4_F2_7_G_4_SplitPt_217_GenID_0	28	0	1	218	209	497	213
f4_1	28	1
f4_0	28	1
f7_3	28	2
f7_2	28	2
ID_57_F1_4_F2_10_G_3_SplitPt_207_GenID_0	29	0	205	496	2	212	208
f10_13	29	1
f4_31	29	2
ID_99_F1_16_F2_0_G_3_SplitPt_128_GenID_0	30	0	128	498	1	127	127
f0_25	30	1
f16_10	30	2
ID_20_F1_2_F2_18_G_3_SplitPt_58_GenID_0	31	0	60	498	1	68	64
f18_27	31	1
f2_25	31	2
f2_24	31	2
