gene_id	fusion_event	family_number	start_med_align1	end_med_align1	start_med_align2	end_med_align2	break_point
ID_176_F1_5_F2_7_G_4_SplitPt_117_GenID_0	0	0	1	117	118	500	117
f5_5	0	1
f5_4	0	1
f7_7	0	2
f7_6	0	2
f18_2	1	0	160	500	1	177	168
ID_103_F1_1_F2_18_G_4_SplitPt_167_GenID_0	1	1
ID_184_F1_18_F2_9_G_4_SplitPt_177_GenID_0	1	2
ID_184_F1_18_F2_9_G_4_SplitPt_177_GenID_0	2	0	1	176	178	500	177
f18_3	2	1
f18_2	2	1
f9_19	2	2
f9_18	2	2
ID_103_F1_1_F2_18_G_4_SplitPt_167_GenID_0	3	0	155	500	1	171	163
f18_3	3	1
f18_2	3	1
f1_29	3	2
f1_28	3	2
ID_149_F1_3_F2_2_G_4_SplitPt_134_GenID_0	4	0	135	495	1	131	133
f2_27	4	1
f2_26	4	1
f3_15	4	2
ID_102_F1_3_F2_6_G_4_SplitPt_115_GenID_0	4	2
f3_14	4	2
ID_102_F1_3_F2_6_G_4_SplitPt_115_GenID_0	5	0	1	115	116	500	115
ID_149_F1_3_F2_2_G_4_SplitPt_134_GenID_0	5	1
f3_15	5	1
f3_14	5	1
f6_7	5	2
f6_6	5	2
ID_221_F1_13_F2_0_G_4_SplitPt_93_GenID_0	6	0	82	500	1	93	87
f0_13	6	1
f0_12	6	1
f13_9	6	2
f13_8	6	2
ID_23_F1_19_F2_2_G_4_SplitPt_144_GenID_0	7	0	1	143	144	500	143
f19_29	7	1
f19_28	7	1
f2_1	7	2
ID_80_F1_14_F2_2_G_4_SplitPt_160_GenID_0	7	2
f2_0	7	2
ID_80_F1_14_F2_2_G_4_SplitPt_160_GenID_0	8	0	156	500	1	161	158
ID_23_F1_19_F2_2_G_4_SplitPt_144_GenID_0	8	1
f2_1	8	1
f2_0	8	1
f14_17	8	2
f14_16	8	2
ID_56_F1_16_F2_0_G_4_SplitPt_248_GenID_0	9	0	2	239	250	500	244
ID_219_F1_16_F2_15_G_4_SplitPt_123_GenID_0	9	1
f16_29	9	1
ID_233_F1_16_F2_18_G_3_SplitPt_94_GenID_0	9	1
f16_28	9	1
f16_21	9	1
f0_17	9	2
f0_16	9	2
ID_219_F1_16_F2_15_G_4_SplitPt_123_GenID_0	10	0	1	123	113	500	118
f16_29	10	1
ID_233_F1_16_F2_18_G_3_SplitPt_94_GenID_0	10	1
f16_28	10	1
ID_56_F1_16_F2_0_G_4_SplitPt_248_GenID_0	10	1
f16_21	10	1
f15_17	10	2
ID_41_F1_18_F2_15_G_4_SplitPt_241_GenID_0	10	2
f15_16	10	2
ID_41_F1_18_F2_15_G_4_SplitPt_241_GenID_0	11	0	242	500	1	241	241
ID_219_F1_16_F2_15_G_4_SplitPt_123_GenID_0	11	1
f15_17	11	1
f15_16	11	1
f18_5	11	2
f18_4	11	2
ID_167_F1_18_F2_7_G_4_SplitPt_228_GenID_0	11	2
ID_167_F1_18_F2_7_G_4_SplitPt_228_GenID_0	12	0	1	228	229	499	228
ID_41_F1_18_F2_15_G_4_SplitPt_241_GenID_0	12	1
f18_5	12	1
f18_4	12	1
f7_21	12	2
f7_20	12	2
ID_44_F1_15_F2_16_G_4_SplitPt_53_GenID_0	13	0	56	500	1	54	55
f16_13	13	1
f16_12	13	1
f15_7	13	2
f15_6	13	2
f15_7	14	0	1	56	233	500	144
f15_6	14	0	1	53	233	500	143
ID_44_F1_15_F2_16_G_4_SplitPt_53_GenID_0	14	1
ID_105_F1_17_F2_15_G_4_SplitPt_232_GenID_0	14	2
ID_105_F1_17_F2_15_G_4_SplitPt_232_GenID_0	15	0	233	500	1	231	232
f15_7	15	1
f15_6	15	1
f17_11	15	2
f17_10	15	2
ID_251_F1_6_F2_3_G_3_SplitPt_95_GenID_0	16	0	16	105	104	500	104
f6_11	16	1
f3_13	16	2
ID_113_F1_6_F2_5_G_4_SplitPt_157_GenID_0	17	0	1	168	157	499	162
f6_25	17	1
f6_24	17	1
f5_21	17	2
f5_20	17	2
ID_63_F1_15_F2_16_G_4_SplitPt_66_GenID_0	18	0	67	500	1	68	67
f16_15	18	1
f16_14	18	1
f15_15	18	2
f15_14	18	2
f17_22	19	0	1	139	125	492	132
ID_246_F1_17_F2_14_G_3_SplitPt_133_GenID_0	19	1
f17_23	19	2
ID_20_F1_3_F2_17_G_3_SplitPt_246_GenID_0	19	2
ID_20_F1_3_F2_17_G_3_SplitPt_246_GenID_0	20	0	249	493	8	250	249
f17_22	20	1
f17_23	20	1
f3_25	20	2
f3_24	20	2
ID_117_F1_9_F2_17_G_3_SplitPt_82_GenID_0	21	0	82	500	1	82	82
f17_1	21	1
f9_21	21	2
ID_201_F1_19_F2_13_G_4_SplitPt_126_GenID_0	22	0	2	126	128	497	127
f19_13	22	1
ID_130_F1_19_F2_17_G_4_SplitPt_177_GenID_0	22	1
f19_12	22	1
f13_31	22	2
f13_30	22	2
ID_24_F1_1_F2_10_G_4_SplitPt_153_GenID_0	23	0	154	499	1	153	153
f10_1	23	1
f10_0	23	1
f1_13	23	2
f1_12	23	2
ID_74_F1_7_F2_15_G_3_SplitPt_147_GenID_0	24	0	151	500	16	143	147
f15_0	24	1
f7_23	24	2
ID_53_F1_7_F2_8_G_3_SplitPt_188_GenID_0	25	0	10	194	189	496	191
f7_22	25	1
f8_19	25	2
ID_206_F1_5_F2_8_G_4_SplitPt_135_GenID_0	25	2
f8_19	26	0	12	79	135	500	107
f8_18	26	0	1	79	135	498	107
ID_146_F1_8_F2_5_G_4_SplitPt_78_GenID_0	26	1
ID_206_F1_5_F2_8_G_4_SplitPt_135_GenID_0	26	2
ID_146_F1_8_F2_5_G_4_SplitPt_78_GenID_0	27	0	6	79	76	500	77
f8_19	27	1
f8_18	27	1
f5_27	27	2
ID_54_F1_5_F2_9_G_4_SplitPt_141_GenID_0	27	2
f5_26	27	2
ID_54_F1_5_F2_9_G_4_SplitPt_141_GenID_0	28	0	4	149	141	498	145
ID_146_F1_8_F2_5_G_4_SplitPt_78_GenID_0	28	1
f5_27	28	1
f5_26	28	1
f9_17	28	2
f9_16	28	2
ID_42_F1_5_F2_17_G_4_SplitPt_69_GenID_0	29	0	1	69	71	499	70
f5_27	29	1
f17_25	29	2
f17_24	29	2
f17_25	30	0	70	500	2	59	64
ID_42_F1_5_F2_17_G_4_SplitPt_69_GenID_0	30	1
ID_133_F1_17_F2_8_G_4_SplitPt_61_GenID_0	30	2
ID_206_F1_5_F2_8_G_4_SplitPt_135_GenID_0	31	0	135	498	1	135	135
ID_53_F1_7_F2_8_G_3_SplitPt_188_GenID_0	31	1
f8_19	31	1
f8_18	31	1
f5_3	31	2
f5_2	31	2
ID_239_F1_6_F2_10_G_4_SplitPt_61_GenID_0	32	0	62	499	1	60	61
f10_3	32	1
f10_2	32	1
f6_31	32	2
f6_28	32	2
f6_29	32	2
ID_67_F1_4_F2_11_G_3_SplitPt_177_GenID_0	33	0	3	186	178	499	182
f4_23	33	1
f4_22	33	1
f11_27	33	2
f11_26	33	2
ID_236_F1_9_F2_4_G_3_SplitPt_124_GenID_0	34	0	121	495	3	126	123
f4_23	34	1
f4_22	34	1
f9_31	34	2
ID_195_F1_2_F2_6_G_3_SplitPt_188_GenID_0	35	0	189	496	2	172	180
f6_18	35	1
f2_17	35	2
f2_16	35	2
ID_145_F1_18_F2_19_G_4_SplitPt_65_GenID_0	36	0	1	66	49	500	57
f18_23	36	1
f18_22	36	1
f19_2	36	2
f19_1	36	2
f19_0	36	2
ID_226_F1_7_F2_9_G_4_SplitPt_243_GenID_0	37	0	6	243	231	500	237
f7_5	37	1
ID_212_F1_0_F2_7_G_4_SplitPt_177_GenID_0	37	1
f7_4	37	1
f9_25	37	2
f9_24	37	2
ID_220_F1_11_F2_7_G_4_SplitPt_139_GenID_0	38	0	131	500	1	139	135
f7_1	38	1
f7_0	38	1
f11_25	38	2
f11_24	38	2
ID_5_F1_10_F2_9_G_4_SplitPt_81_GenID_0	39	0	2	84	75	498	79
f10_10	39	1
f10_11	39	1
f9_1	39	2
f9_0	39	2
ID_108_F1_19_F2_12_G_4_SplitPt_151_GenID_0	40	0	149	500	1	153	151
f12_23	40	1
f12_22	40	1
f19_31	40	2
f19_30	40	2
ID_224_F1_17_F2_6_G_4_SplitPt_137_GenID_0	41	0	118	500	1	137	127
f6_3	41	1
f6_2	41	1
f17_19	41	2
f17_18	41	2
f8_25	42	0	129	500	1	105	117
f8_24	42	0	102	487	4	107	104
ID_34_F1_19_F2_8_G_3_SplitPt_128_GenID_0	42	1
ID_237_F1_8_F2_8_G_4_SplitPt_105_GenID_0	42	2
ID_237_F1_8_F2_8_G_4_SplitPt_105_GenID_0	43	0	2	106	103	499	104
f8_25	43	1
f8_24	43	1
f8_15	43	2
f8_14	43	2
ID_116_F1_1_F2_10_G_3_SplitPt_132_GenID_0	44	0	135	499	2	126	130
f10_9	44	1
f10_8	44	1
f1_17	44	2
f1_16	44	2
ID_187_F1_9_F2_2_G_4_SplitPt_192_GenID_0	45	0	193	498	1	190	191
f2_11	45	1
f2_10	45	1
f9_9	45	2
f9_8	45	2
ID_197_F1_2_F2_6_G_3_SplitPt_78_GenID_0	46	0	80	499	1	80	80
f6_17	46	1
f6_16	46	1
f2_29	46	2
f2_28	46	2
ID_79_F1_10_F2_14_G_4_SplitPt_128_GenID_0	47	0	3	128	129	500	128
f10_25	47	1
f10_24	47	1
f14_7	47	2
f14_1	47	2
f14_6	47	2
f2_9	48	0	192	500	1	113	152
f2_8	48	0	196	500	1	113	154
ID_86_F1_9_F2_2_G_4_SplitPt_194_GenID_0	48	1
ID_174_F1_2_F2_14_G_4_SplitPt_110_GenID_0	48	2
ID_174_F1_2_F2_14_G_4_SplitPt_110_GenID_0	49	0	1	113	110	499	111
f2_9	49	1
f2_8	49	1
f14_21	49	2
ID_7_F1_14_F2_14_G_4_SplitPt_161_GenID_0	49	2
f14_20	49	2
ID_7_F1_14_F2_14_G_4_SplitPt_161_GenID_0	50	0	1	163	161	498	162
ID_174_F1_2_F2_14_G_4_SplitPt_110_GenID_0	50	1
f14_21	50	1
f14_20	50	1
f14_31	50	2
f14_30	50	2
ID_86_F1_9_F2_2_G_4_SplitPt_194_GenID_0	51	0	194	500	1	193	193
f2_9	51	1
f2_8	51	1
f9_27	51	2
f9_26	51	2
ID_100_F1_7_F2_19_G_4_SplitPt_226_GenID_0	52	0	226	499	3	227	226
f19_17	52	1
f19_16	52	1
f7_15	52	2
f7_14	52	2
ID_188_F1_6_F2_8_G_4_SplitPt_52_GenID_0	53	0	1	52	51	499	51
f6_13	53	1
f6_12	53	1
f8_9	53	2
f8_8	53	2
ID_170_F1_12_F2_3_G_4_SplitPt_237_GenID_0	54	0	2	247	236	500	241
ID_107_F1_12_F2_11_G_4_SplitPt_52_GenID_0	54	1
f12_19	54	1
f12_18	54	1
f3_31	54	2
f3_30	54	2
ID_107_F1_12_F2_11_G_4_SplitPt_52_GenID_0	55	0	2	50	50	499	50
f12_19	55	1
f12_18	55	1
ID_170_F1_12_F2_3_G_4_SplitPt_237_GenID_0	55	1
f11_21	55	2
f11_19	55	2
f11_20	55	2
ID_45_F1_18_F2_11_G_4_SplitPt_212_GenID_0	56	0	2	219	213	500	216
f18_27	56	1
f18_26	56	1
f11_31	56	2
f11_30	56	2
ID_96_F1_15_F2_18_G_4_SplitPt_73_GenID_0	57	0	1	73	77	500	75
f15_31	57	1
f15_30	57	1
f18_13	57	2
f18_12	57	2
ID_178_F1_1_F2_4_G_4_SplitPt_121_GenID_0	58	0	117	500	1	121	119
f4_7	58	1
f4_6	58	1
f1_21	58	2
f1_20	58	2
ID_178_F1_1_F2_4_G_4_SplitPt_121_GenID_0	58	0	125	500	1	121	123
f4_5	58	1
f1_21	58	2
f1_20	58	2
ID_204_F1_10_F2_19_G_4_SplitPt_97_GenID_0	59	0	1	101	87	499	94
f10_13	59	1
f10_12	59	1
f19_27	59	2
f19_26	59	2
