gene_id	fusion_event	family_number	start_med_align1	end_med_align1	start_med_align2	end_med_align2	break_point
ID_12_F1_13_F2_14_G_3_SplitPt_88_GenID_0	0	0	83	499	1	73	78
f14_15	0	1
f14_14	0	1
f13_31	0	2
f13_30	0	2
ID_23_F1_5_F2_9_G_3_SplitPt_71_GenID_0	1	0	1	72	58	500	65
f5_1	1	1
f9_9	1	2
f9_8	1	2
ID_41_F1_15_F2_10_G_3_SplitPt_94_GenID_0	2	0	106	499	2	116	111
f10_7	2	1
f10_6	2	1
ID_14_F1_11_F2_10_G_4_SplitPt_246_GenID_0	2	1
f15_13	2	2
ID_41_F1_15_F2_10_G_3_SplitPt_94_GenID_0	2	0	106	499	1	83	94
f10_7	2	1
f10_6	2	1
ID_14_F1_11_F2_10_G_4_SplitPt_246_GenID_0	2	1
f15_7	2	2
f15_6	2	2
ID_50_F1_13_F2_10_G_4_SplitPt_103_GenID_0	2	0	105	499	8	103	104
f10_7	2	1
f10_5	2	1
f10_6	2	1
ID_14_F1_11_F2_10_G_4_SplitPt_246_GenID_0	2	1
f10_4	2	1
f13_2	2	2
ID_50_F1_13_F2_10_G_4_SplitPt_103_GenID_0	2	0	105	499	1	108	106
f10_7	2	1
f10_5	2	1
f10_6	2	1
ID_14_F1_11_F2_10_G_4_SplitPt_246_GenID_0	2	1
f10_4	2	1
f13_1	2	2
f13_0	2	2
f13_2	2	0	8	103	120	499	111
ID_50_F1_13_F2_10_G_4_SplitPt_103_GenID_0	2	1
f13_3	2	2
ID_37_F1_8_F2_13_G_4_SplitPt_242_GenID_0	2	2
ID_37_F1_8_F2_13_G_4_SplitPt_242_GenID_0	3	0	241	499	1	241	241
f13_2	3	1
f13_3	3	1
f8_31	3	2
f8_30	3	2
f5_22	4	0	93	500	1	106	99
ID_48_F1_9_F2_5_G_3_SplitPt_183_GenID_0	4	1
f5_23	4	1
ID_51_F1_5_F2_15_G_3_SplitPt_129_GenID_0	4	2
ID_51_F1_5_F2_15_G_3_SplitPt_129_GenID_0	5	0	1	106	132	499	119
f5_22	5	1
f15_21	5	2
f15_20	5	2
ID_51_F1_5_F2_15_G_3_SplitPt_129_GenID_0	5	0	132	499	5	131	131
f15_21	5	1
f15_20	5	1
f5_21	5	2
f5_20	5	2
ID_63_F1_7_F2_9_G_4_SplitPt_132_GenID_0	6	0	2	132	131	498	131
f7_7	6	1
f7_6	6	1
f9_29	6	2
f9_28	6	2
ID_2_F1_9_F2_9_G_4_SplitPt_228_GenID_0	6	2
ID_54_F1_15_F2_9_G_4_SplitPt_156_GenID_0	7	0	2	123	152	500	137
f15_2	7	1
f9_27	7	2
f9_26	7	2
ID_54_F1_15_F2_9_G_4_SplitPt_156_GenID_0	7	0	1	156	152	500	154
f15_1	7	1
f15_0	7	1
f9_27	7	2
f9_26	7	2
ID_34_F1_5_F2_11_G_4_SplitPt_213_GenID_0	8	0	2	212	203	500	207
f5_17	8	1
f5_16	8	1
f11_21	8	2
f11_20	8	2
ID_53_F1_10_F2_16_G_4_SplitPt_105_GenID_0	9	0	1	104	92	500	98
f10_3	9	1
f10_2	9	1
f16_29	9	2
f16_28	9	2
f5_31	10	0	171	500	7	185	178
f5_30	10	0	171	500	1	177	174
ID_22_F1_1_F2_5_G_4_SplitPt_170_GenID_0	10	1
ID_39_F1_5_F2_2_G_3_SplitPt_175_GenID_0	10	2
ID_28_F1_5_F2_9_G_3_SplitPt_148_GenID_0	11	0	1	162	146	500	154
f5_30	11	1
f9_17	11	2
ID_39_F1_5_F2_2_G_3_SplitPt_175_GenID_0	12	0	4	181	174	499	177
f5_31	12	1
f5_30	12	1
f2_21	12	2
f2_20	12	2
ID_22_F1_1_F2_5_G_4_SplitPt_170_GenID_0	13	0	171	500	2	171	171
f5_31	13	1
f5_30	13	1
f1_1	13	2
f1_0	13	2
ID_5_F1_18_F2_6_G_4_SplitPt_107_GenID_0	14	0	88	500	1	107	97
f6_1	14	1
f6_0	14	1
f18_17	14	2
f18_16	14	2
ID_32_F1_12_F2_19_G_4_SplitPt_119_GenID_0	15	0	1	125	121	500	123
f12_15	15	1
f12_14	15	1
f19_17	15	2
f19_16	15	2
ID_32_F1_12_F2_19_G_4_SplitPt_119_GenID_0	15	0	7	119	121	500	120
f12_12	15	1
f19_17	15	2
f19_16	15	2
ID_15_F1_0_F2_12_G_3_SplitPt_133_GenID_0	16	0	2	137	134	497	135
f0_29	16	1
f12_25	16	2
f12_24	16	2
ID_25_F1_3_F2_1_G_4_SplitPt_144_GenID_0	17	0	145	500	2	144	144
f1_9	17	1
f1_8	17	1
f3_23	17	2
f3_22	17	2
ID_25_F1_3_F2_1_G_4_SplitPt_144_GenID_0	17	0	145	500	28	147	146
f1_9	17	1
f1_8	17	1
f3_11	17	2
ID_40_F1_4_F2_13_G_4_SplitPt_150_GenID_0	17	0	1	165	151	499	158
f4_17	17	1
f4_16	17	1
f13_15	17	2
f13_14	17	2
ID_33_F1_17_F2_15_G_4_SplitPt_176_GenID_0	18	0	168	500	1	175	171
f15_17	18	1
f15_16	18	1
f17_1	18	2
f17_0	18	2
ID_45_F1_0_F2_14_G_4_SplitPt_119_GenID_0	19	0	1	117	118	499	117
f0_17	19	1
f0_16	19	1
f14_31	19	2
f14_30	19	2
