gene_id	fusion_event	family_number	start_med_align1	end_med_align1	start_med_align2	end_med_align2	break_point
f12_19	0	0	1	68	150	500	109
ID_213_F1_12_F2_13_G_3_SplitPt_69_GenID_0	0	1
ID_77_F1_17_F2_12_G_2_SplitPt_144_GenID_0	0	2
ID_213_F1_12_F2_13_G_3_SplitPt_69_GenID_0	1	0	1	68	73	500	70
f12_19	1	1
f13_17	1	2
ID_187_F1_6_F2_13_G_4_SplitPt_127_GenID_0	1	2
f13_16	1	2
ID_187_F1_6_F2_13_G_4_SplitPt_127_GenID_0	2	0	111	500	2	127	119
ID_213_F1_12_F2_13_G_3_SplitPt_69_GenID_0	2	1
f13_17	2	1
f13_16	2	1
f6_5	2	2
f6_4	2	2
ID_77_F1_17_F2_12_G_2_SplitPt_144_GenID_0	3	0	150	500	4	153	151
f12_19	3	1
f17_1	3	2
ID_104_F1_17_F2_15_G_4_SplitPt_246_GenID_0	4	0	1	243	247	500	245
f17_1	4	1
f17_3	4	1
f17_2	4	1
ID_83_F1_6_F2_17_G_3_SplitPt_165_GenID_0	4	1
f15_7	4	2
f15_6	4	2
f15_5	4	2
f15_4	4	2
f15_7	5	0	247	500	3	155	201
f15_6	5	0	245	500	3	153	199
f15_5	5	0	247	499	1	157	202
f15_4	5	0	248	500	7	156	202
ID_104_F1_17_F2_15_G_4_SplitPt_246_GenID_0	5	1
ID_112_F1_15_F2_3_G_4_SplitPt_157_GenID_0	5	2
ID_53_F1_8_F2_3_G_3_SplitPt_106_GenID_0	6	0	108	498	1	104	106
ID_112_F1_15_F2_3_G_4_SplitPt_157_GenID_0	6	1
f3_15	6	1
f3_14	6	1
f8_13	6	2
f8_12	6	2
f8_13	7	0	1	104	90	500	97
ID_53_F1_8_F2_3_G_3_SplitPt_106_GenID_0	7	1
ID_114_F1_16_F2_8_G_3_SplitPt_95_GenID_0	7	2
ID_114_F1_16_F2_8_G_3_SplitPt_95_GenID_0	8	0	87	498	3	97	92
f8_13	8	1
f8_12	8	1
f16_15	8	2
f16_14	8	2
ID_201_F1_7_F2_17_G_4_SplitPt_243_GenID_0	9	0	231	500	2	245	238
f17_14	9	1
f17_15	9	1
f7_9	9	2
ID_154_F1_7_F2_7_G_3_SplitPt_133_GenID_0	9	2
f7_8	9	2
ID_215_F1_7_F2_4_G_3_SplitPt_242_GenID_0	9	0	2	240	244	495	242
f7_18	9	1
f7_19	9	1
f4_31	9	2
f4_30	9	2
ID_41_F1_9_F2_4_G_4_SplitPt_168_GenID_0	10	0	166	498	5	168	167
f4_12	10	1
f4_15	10	1
f4_13	10	1
f4_14	10	1
f9_23	10	2
ID_111_F1_9_F2_10_G_4_SplitPt_182_GenID_0	10	2
f9_22	10	2
f9_21	10	2
f9_20	10	2
ID_41_F1_9_F2_4_G_4_SplitPt_168_GenID_0	10	0	176	500	5	168	172
f4_4	10	1
f9_23	10	2
ID_111_F1_9_F2_10_G_4_SplitPt_182_GenID_0	10	2
f9_22	10	2
f9_21	10	2
f9_20	10	2
ID_81_F1_16_F2_4_G_4_SplitPt_82_GenID_0	11	0	81	500	3	80	80
f4_4	11	1
f4_5	11	1
f16_7	11	2
f16_6	11	2
f16_5	11	2
f16_4	11	2
ID_55_F1_10_F2_16_G_3_SplitPt_218_GenID_0	12	0	217	500	1	217	217
f16_7	12	1
f16_6	12	1
f10_31	12	2
ID_8_F1_10_F2_13_G_3_SplitPt_192_GenID_0	12	2
f10_30	12	2
ID_55_F1_10_F2_16_G_3_SplitPt_218_GenID_0	12	0	217	500	40	118	167
f16_7	12	1
f16_6	12	1
ID_54_F1_10_F2_6_G_2_SplitPt_128_GenID_0	12	2
ID_8_F1_10_F2_13_G_3_SplitPt_192_GenID_0	12	0	2	209	207	500	208
ID_55_F1_10_F2_16_G_3_SplitPt_218_GenID_0	12	1
f10_31	12	1
f10_30	12	1
f13_13	12	2
f13_12	12	2
f13_13	13	0	199	500	1	197	198
f13_12	13	0	216	500	1	174	195
ID_8_F1_10_F2_13_G_3_SplitPt_192_GenID_0	13	1
ID_243_F1_13_F2_14_G_4_SplitPt_168_GenID_0	13	2
ID_133_F1_13_F2_18_G_4_SplitPt_72_GenID_0	13	2
ID_61_F1_4_F2_13_G_3_SplitPt_61_GenID_0	13	2
f13_13	14	0	1	72	64	499	68
ID_243_F1_13_F2_14_G_4_SplitPt_168_GenID_0	14	0	1	72	64	211	68
f13_12	14	0	1	72	62	499	67
ID_133_F1_13_F2_18_G_4_SplitPt_72_GenID_0	14	1
ID_61_F1_4_F2_13_G_3_SplitPt_61_GenID_0	14	2
f18_14	15	0	122	500	2	136	129
ID_134_F1_15_F2_18_G_4_SplitPt_121_GenID_0	15	1
f18_13	15	1
ID_10_F1_8_F2_18_G_4_SplitPt_175_GenID_0	15	1
ID_28_F1_18_F2_3_G_3_SplitPt_113_GenID_0	15	2
ID_205_F1_11_F2_15_G_4_SplitPt_203_GenID_0	16	0	204	500	1	216	210
ID_202_F1_11_F2_15_G_4_SplitPt_71_GenID_0	16	0	69	500	1	75	72
f15_15	16	1
ID_175_F1_12_F2_15_G_3_SplitPt_58_GenID_0	16	1
f15_14	16	1
f11_19	16	2
f11_18	16	2
ID_202_F1_11_F2_15_G_4_SplitPt_71_GenID_0	17	0	204	500	4	70	137
ID_205_F1_11_F2_15_G_4_SplitPt_203_GenID_0	17	1
ID_11_F1_11_F2_2_G_3_SplitPt_244_GenID_0	17	2
ID_205_F1_11_F2_15_G_4_SplitPt_203_GenID_0	18	0	204	500	1	203	203
ID_202_F1_11_F2_15_G_4_SplitPt_71_GenID_0	18	1
f11_17	18	2
f12_3	19	0	1	60	136	494	98
f12_2	19	0	1	61	136	494	98
ID_175_F1_12_F2_15_G_3_SplitPt_58_GenID_0	19	1
ID_150_F1_14_F2_12_G_3_SplitPt_133_GenID_0	19	2
f12_3	19	0	1	60	125	500	92
f12_2	19	0	1	61	110	499	85
ID_175_F1_12_F2_15_G_3_SplitPt_58_GenID_0	19	1
ID_49_F1_15_F2_12_G_3_SplitPt_127_GenID_0	19	2
ID_88_F1_16_F2_0_G_4_SplitPt_123_GenID_0	19	0	1	122	126	500	124
f16_21	19	1
f16_20	19	1
f0_25	19	2
ID_157_F1_15_F2_0_G_4_SplitPt_172_GenID_0	19	2
f0_24	19	2
ID_157_F1_15_F2_0_G_4_SplitPt_172_GenID_0	20	0	173	500	2	172	172
ID_88_F1_16_F2_0_G_4_SplitPt_123_GenID_0	20	1
f0_25	20	1
f0_24	20	1
f15_19	20	2
f15_17	20	2
f15_18	20	2
ID_162_F1_5_F2_16_G_4_SplitPt_207_GenID_0	21	0	201	500	1	206	203
f16_23	21	1
f16_22	21	1
ID_37_F1_15_F2_16_G_4_SplitPt_121_GenID_0	21	1
f5_11	21	2
f5_10	21	2
f5_9	21	2
f5_8	21	2
ID_124_F1_1_F2_15_G_4_SplitPt_93_GenID_0	22	0	95	499	1	93	94
f15_25	22	1
ID_198_F1_15_F2_13_G_3_SplitPt_223_GenID_0	22	1
f15_24	22	1
f1_1	22	2
f1_0	22	2
ID_198_F1_15_F2_13_G_3_SplitPt_223_GenID_0	23	0	219	495	5	203	211
f13_9	23	1
f13_8	23	1
ID_199_F1_15_F2_8_G_3_SplitPt_227_GenID_0	23	2
ID_144_F1_15_F2_4_G_4_SplitPt_128_GenID_0	24	0	53	105	128	500	116
f15_2	24	1
f4_19	24	2
f4_16	24	2
f4_18	24	2
f4_17	24	2
ID_144_F1_15_F2_4_G_4_SplitPt_128_GenID_0	24	0	128	500	12	109	118
f4_19	24	1
f4_16	24	1
f4_18	24	1
f4_17	24	1
f15_12	24	2
ID_144_F1_15_F2_4_G_4_SplitPt_128_GenID_0	24	0	128	500	1	128	128
f4_19	24	1
f4_16	24	1
f4_18	24	1
f4_17	24	1
f15_11	24	2
f15_10	24	2
ID_234_F1_15_F2_11_G_4_SplitPt_166_GenID_0	24	2
f15_8	24	2
f15_9	24	2
ID_109_F1_13_F2_4_G_3_SplitPt_237_GenID_0	24	0	237	498	9	244	240
f4_16	24	1
f4_17	24	1
f13_31	24	2
f13_30	24	2
ID_28_F1_18_F2_3_G_3_SplitPt_113_GenID_0	25	0	1	126	108	500	117
f18_15	25	1
f18_14	25	1
f3_9	25	2
f3_8	25	2
ID_171_F1_11_F2_1_G_3_SplitPt_119_GenID_0	26	0	1	119	111	500	115
f11_21	26	1
ID_74_F1_11_F2_3_G_4_SplitPt_147_GenID_0	26	1
f11_20	26	1
f1_21	26	2
f1_20	26	2
ID_74_F1_11_F2_3_G_4_SplitPt_147_GenID_0	27	0	1	147	147	500	147
f11_21	27	1
f11_22	27	1
f11_20	27	1
ID_171_F1_11_F2_1_G_3_SplitPt_119_GenID_0	27	1
f3_3	27	2
f3_2	27	2
ID_11_F1_11_F2_2_G_3_SplitPt_244_GenID_0	28	0	4	245	245	500	245
ID_202_F1_11_F2_15_G_4_SplitPt_71_GenID_0	28	1
f11_19	28	1
f11_18	28	1
f2_25	28	2
f2_24	28	2
f2_25	29	0	245	500	5	143	194
f2_24	29	0	245	500	1	143	194
ID_11_F1_11_F2_2_G_3_SplitPt_244_GenID_0	29	1
ID_166_F1_2_F2_8_G_3_SplitPt_147_GenID_0	29	2
f2_27	29	2
ID_166_F1_2_F2_8_G_3_SplitPt_147_GenID_0	30	0	1	143	153	500	148
f2_25	30	1
f2_24	30	1
f2_27	30	1
f8_15	30	2
f8_14	30	2
ID_150_F1_14_F2_12_G_3_SplitPt_133_GenID_0	31	0	136	494	2	139	137
f12_3	31	1
f12_2	31	1
f14_15	31	2
f14_14	31	2
ID_153_F1_16_F2_15_G_4_SplitPt_160_GenID_0	32	0	155	499	1	158	156
f15_11	32	1
f15_10	32	1
f15_8	32	1
f15_9	32	1
ID_76_F1_6_F2_15_G_2_SplitPt_124_GenID_0	32	1
ID_47_F1_8_F2_15_G_4_SplitPt_73_GenID_0	32	1
f16_11	32	2
ID_153_F1_16_F2_15_G_4_SplitPt_160_GenID_0	32	0	155	499	1	160	157
f15_11	32	1
f15_10	32	1
f15_8	32	1
f15_9	32	1
ID_76_F1_6_F2_15_G_2_SplitPt_124_GenID_0	32	1
ID_47_F1_8_F2_15_G_4_SplitPt_73_GenID_0	32	1
f16_9	32	2
ID_207_F1_16_F2_7_G_3_SplitPt_112_GenID_0	32	2
f16_8	32	2
ID_207_F1_16_F2_7_G_3_SplitPt_112_GenID_0	32	0	1	109	102	496	105
ID_153_F1_16_F2_15_G_4_SplitPt_160_GenID_0	32	1
f16_9	32	1
f16_8	32	1
f7_21	32	2
f7_20	32	2
ID_1_F1_7_F2_19_G_4_SplitPt_132_GenID_0	33	0	1	133	132	499	132
f7_21	33	1
f7_22	33	1
f7_23	33	1
f7_20	33	1
f19_21	33	2
f19_20	33	2
ID_47_F1_8_F2_15_G_4_SplitPt_73_GenID_0	34	0	77	498	2	73	75
f15_11	34	1
ID_153_F1_16_F2_15_G_4_SplitPt_160_GenID_0	34	1
f15_10	34	1
ID_234_F1_15_F2_11_G_4_SplitPt_166_GenID_0	34	1
f15_8	34	1
f15_9	34	1
ID_76_F1_6_F2_15_G_2_SplitPt_124_GenID_0	34	1
f8_11	34	2
f8_10	34	2
f8_11	35	0	4	74	185	499	129
f8_10	35	0	1	73	185	499	129
ID_47_F1_8_F2_15_G_4_SplitPt_73_GenID_0	35	1
ID_98_F1_2_F2_8_G_3_SplitPt_184_GenID_0	35	2
ID_98_F1_2_F2_8_G_3_SplitPt_184_GenID_0	36	0	185	499	3	190	187
f8_11	36	1
f8_10	36	1
f2_29	36	2
f2_28	36	2
ID_234_F1_15_F2_11_G_4_SplitPt_166_GenID_0	37	0	1	166	164	500	165
ID_144_F1_15_F2_4_G_4_SplitPt_128_GenID_0	37	1
f15_11	37	1
f15_10	37	1
f15_8	37	1
ID_47_F1_8_F2_15_G_4_SplitPt_73_GenID_0	37	1
f11_1	37	2
f11_0	37	2
ID_236_F1_11_F2_4_G_3_SplitPt_82_GenID_0	38	0	1	82	83	498	82
f11_1	38	1
f11_3	38	1
f11_2	38	1
ID_116_F1_11_F2_4_G_3_SplitPt_236_GenID_0	38	1
f11_0	38	1
f4_9	38	2
f4_8	38	2
ID_113_F1_4_F2_8_G_4_SplitPt_242_GenID_0	39	0	2	241	243	499	242
f4_23	39	1
f4_22	39	1
f4_21	39	1
f4_20	39	1
f8_9	39	2
f8_8	39	2
ID_113_F1_4_F2_8_G_4_SplitPt_242_GenID_0	39	0	5	242	243	499	242
f4_26	39	1
f8_9	39	2
f8_8	39	2
ID_191_F1_15_F2_11_G_4_SplitPt_56_GenID_0	40	0	1	57	57	499	57
ID_199_F1_15_F2_8_G_3_SplitPt_227_GenID_0	40	1
f15_3	40	1
f15_2	40	1
ID_49_F1_15_F2_12_G_3_SplitPt_127_GenID_0	40	1
f15_1	40	1
f15_0	40	1
f11_31	40	2
f11_28	40	2
f11_30	40	2
ID_199_F1_15_F2_8_G_3_SplitPt_227_GenID_0	41	0	5	203	224	500	213
ID_198_F1_15_F2_13_G_3_SplitPt_223_GenID_0	41	1
f8_3	41	2
f8_2	41	2
ID_199_F1_15_F2_8_G_3_SplitPt_227_GenID_0	41	0	1	160	224	500	192
f15_3	41	1
ID_191_F1_15_F2_11_G_4_SplitPt_56_GenID_0	41	1
f15_2	41	1
ID_49_F1_15_F2_12_G_3_SplitPt_127_GenID_0	41	1
f8_3	41	2
f8_2	41	2
ID_224_F1_0_F2_8_G_4_SplitPt_149_GenID_0	42	0	149	500	1	155	152
f8_3	42	1
f8_2	42	1
f8_1	42	1
ID_78_F1_1_F2_8_G_3_SplitPt_51_GenID_0	42	1
f8_0	42	1
f0_15	42	2
f0_14	42	2
f0_12	42	2
ID_246_F1_15_F2_18_G_3_SplitPt_72_GenID_0	43	0	2	85	73	497	79
ID_37_F1_15_F2_16_G_4_SplitPt_121_GenID_0	43	1
f15_27	43	1
f18_21	43	2
f18_20	43	2
ID_180_F1_5_F2_18_G_4_SplitPt_120_GenID_0	43	2
ID_235_F1_18_F2_9_G_3_SplitPt_99_GenID_0	44	0	1	97	102	499	99
f18_21	44	1
f18_20	44	1
f18_22	44	1
f9_15	44	2
f9_14	44	2
ID_70_F1_9_F2_7_G_3_SplitPt_202_GenID_0	45	0	1	197	202	498	199
f9_12	45	1
f9_13	45	1
f7_17	45	2
f7_16	45	2
ID_24_F1_13_F2_9_G_4_SplitPt_239_GenID_0	46	0	239	498	1	239	239
f9_17	46	1
f13_27	46	2
f13_25	46	2
f13_26	46	2
f13_24	46	2
ID_95_F1_9_F2_13_G_3_SplitPt_91_GenID_0	46	2
ID_24_F1_13_F2_9_G_4_SplitPt_239_GenID_0	46	0	239	498	1	239	239
f9_19	46	1
ID_138_F1_11_F2_9_G_3_SplitPt_240_GenID_0	46	1
f9_18	46	1
f13_27	46	2
f13_25	46	2
f13_26	46	2
f13_24	46	2
ID_95_F1_9_F2_13_G_3_SplitPt_91_GenID_0	46	2
ID_95_F1_9_F2_13_G_3_SplitPt_91_GenID_0	47	0	92	500	2	102	97
ID_24_F1_13_F2_9_G_4_SplitPt_239_GenID_0	47	1
f13_25	47	1
f13_24	47	1
f9_7	47	2
f9_6	47	2
ID_123_F1_5_F2_6_G_4_SplitPt_53_GenID_0	48	0	2	53	54	500	53
ID_183_F1_5_F2_5_G_3_SplitPt_133_GenID_0	48	1
f6_13	48	2
f6_12	48	2
ID_123_F1_5_F2_6_G_4_SplitPt_53_GenID_0	48	0	54	500	1	53	53
f6_13	48	1
f6_12	48	1
f5_31	48	2
f5_28	48	2
f5_30	48	2
f5_29	48	2
ID_23_F1_14_F2_16_G_3_SplitPt_151_GenID_0	49	0	1	153	399	471	276
f14_23	49	1
f14_22	49	1
f16_28	49	2
ID_57_F1_19_F2_16_G_3_SplitPt_235_GenID_0	49	0	232	500	1	246	239
ID_23_F1_14_F2_16_G_3_SplitPt_151_GenID_0	49	1
f16_19	49	1
f16_18	49	1
f19_27	49	2
f19_26	49	2
ID_223_F1_19_F2_2_G_4_SplitPt_138_GenID_0	50	0	1	141	123	500	132
f19_27	50	1
f19_26	50	1
f19_24	50	1
f19_25	50	1
f2_11	50	2
f2_10	50	2
f2_8	50	2
f2_9	50	2
ID_223_F1_19_F2_2_G_4_SplitPt_138_GenID_0	50	0	5	135	123	500	129
f19_30	50	1
f2_11	50	2
f2_10	50	2
f2_8	50	2
f2_9	50	2
ID_96_F1_10_F2_2_G_3_SplitPt_207_GenID_0	51	0	210	500	1	216	213
f2_14	51	1
f2_15	51	1
ID_90_F1_14_F2_2_G_4_SplitPt_139_GenID_0	51	1
f10_23	51	2
f10_22	51	2
ID_90_F1_14_F2_2_G_4_SplitPt_139_GenID_0	52	0	132	500	1	139	135
f2_11	52	1
f2_10	52	1
f14_31	52	2
f14_29	52	2
f14_30	52	2
ID_90_F1_14_F2_2_G_4_SplitPt_139_GenID_0	52	0	141	500	1	139	140
f2_14	52	1
f2_15	52	1
ID_96_F1_10_F2_2_G_3_SplitPt_207_GenID_0	52	1
f2_12	52	1
f14_31	52	2
f14_29	52	2
f14_30	52	2
ID_73_F1_8_F2_14_G_3_SplitPt_220_GenID_0	53	0	219	498	1	219	219
f14_29	53	1
f14_28	53	1
f8_29	53	2
f8_28	53	2
ID_108_F1_4_F2_2_G_3_SplitPt_50_GenID_0	54	0	50	500	1	48	49
f2_11	54	1
f2_10	54	1
ID_29_F1_4_F2_1_G_4_SplitPt_116_GenID_0	54	2
ID_29_F1_4_F2_1_G_4_SplitPt_116_GenID_0	55	0	1	111	98	499	104
ID_108_F1_4_F2_2_G_3_SplitPt_50_GenID_0	55	1
f4_2	55	1
f4_3	55	1
f4_1	55	1
f4_0	55	1
f1_15	55	2
f1_13	55	2
f1_14	55	2
f1_12	55	2
ID_133_F1_13_F2_18_G_4_SplitPt_72_GenID_0	56	0	1	72	67	499	69
f13_13	56	1
ID_243_F1_13_F2_14_G_4_SplitPt_168_GenID_0	56	1
f13_14	56	1
f13_12	56	1
f18_31	56	2
f18_28	56	2
f18_30	56	2
f18_29	56	2
f18_27	56	2
f18_26	56	2
ID_111_F1_9_F2_10_G_4_SplitPt_182_GenID_0	57	0	3	182	169	498	175
ID_41_F1_9_F2_4_G_4_SplitPt_168_GenID_0	57	1
f9_23	57	1
f9_22	57	1
ID_115_F1_9_F2_18_G_3_SplitPt_246_GenID_0	57	1
f9_21	57	1
f9_20	57	1
f10_14	57	2
f10_12	57	2
f10_11	57	2
f10_10	57	2
ID_216_F1_6_F2_4_G_3_SplitPt_151_GenID_0	58	0	151	498	3	145	148
f4_12	58	1
f4_13	58	1
f6_3	58	2
f6_2	58	2
ID_21_F1_1_F2_17_G_3_SplitPt_233_GenID_0	59	0	228	500	1	235	231
f17_13	59	1
f17_12	59	1
f1_25	59	2
f1_24	59	2
ID_83_F1_6_F2_17_G_3_SplitPt_165_GenID_0	60	0	168	500	1	164	166
f17_1	60	1
ID_104_F1_17_F2_15_G_4_SplitPt_246_GenID_0	60	1
f17_0	60	1
f6_17	60	2
f6_16	60	2
ID_30_F1_1_F2_13_G_3_SplitPt_207_GenID_0	61	0	1	210	204	500	207
f1_17	61	1
f1_16	61	1
f13_29	61	2
ID_192_F1_5_F2_13_G_4_SplitPt_53_GenID_0	61	2
f13_28	61	2
ID_192_F1_5_F2_13_G_4_SplitPt_53_GenID_0	62	0	53	500	1	53	53
ID_30_F1_1_F2_13_G_3_SplitPt_207_GenID_0	62	1
f13_29	62	1
f13_28	62	1
f5_15	62	2
f5_14	62	2
ID_179_F1_1_F2_3_G_4_SplitPt_182_GenID_0	63	0	1	183	186	500	184
f1_17	63	1
f1_18	63	1
f1_19	63	1
f1_16	63	1
f3_31	63	2
f3_30	63	2
ID_179_F1_1_F2_3_G_4_SplitPt_182_GenID_0	63	0	1	183	189	498	186
f1_17	63	1
f1_18	63	1
f1_19	63	1
f1_16	63	1
f3_29	63	2
ID_38_F1_3_F2_0_G_4_SplitPt_227_GenID_0	63	0	3	229	228	500	228
f3_29	63	1
f3_28	63	1
f0_9	63	2
f0_8	63	2
ID_46_F1_1_F2_2_G_3_SplitPt_197_GenID_0	64	0	21	92	195	498	143
ID_64_F1_1_F2_11_G_2_SplitPt_94_GenID_0	64	1
f2_19	64	2
f2_18	64	2
ID_46_F1_1_F2_2_G_3_SplitPt_197_GenID_0	64	0	12	197	195	498	196
f1_29	64	1
ID_228_F1_1_F2_12_G_4_SplitPt_79_GenID_0	64	1
f1_28	64	1
f2_19	64	2
f2_18	64	2
ID_228_F1_1_F2_12_G_4_SplitPt_79_GenID_0	65	0	1	78	62	500	70
ID_46_F1_1_F2_2_G_3_SplitPt_197_GenID_0	65	1
f1_29	65	1
f1_31	65	1
f1_30	65	1
f1_28	65	1
f12_29	65	2
f12_28	65	2
f2_19	66	0	195	498	2	182	188
f2_18	66	0	195	498	16	182	188
ID_46_F1_1_F2_2_G_3_SplitPt_197_GenID_0	66	1
ID_204_F1_2_F2_13_G_3_SplitPt_183_GenID_0	66	2
ID_204_F1_2_F2_13_G_3_SplitPt_183_GenID_0	67	0	9	182	166	499	174
f2_19	67	1
f2_18	67	1
f13_7	67	2
f13_6	67	2
ID_239_F1_13_F2_3_G_4_SplitPt_224_GenID_0	68	0	1	224	207	500	215
f13_7	68	1
f13_5	68	1
f13_4	68	1
f3_13	68	2
f3_12	68	2
ID_44_F1_7_F2_19_G_4_SplitPt_156_GenID_0	69	0	147	500	1	162	154
f19_3	69	1
f19_0	69	1
f19_2	69	1
f7_15	69	2
ID_117_F1_7_F2_15_G_4_SplitPt_172_GenID_0	69	2
f7_13	69	2
ID_155_F1_7_F2_3_G_3_SplitPt_169_GenID_0	69	2
f7_12	69	2
ID_117_F1_7_F2_15_G_4_SplitPt_172_GenID_0	70	0	1	173	162	500	167
ID_44_F1_7_F2_19_G_4_SplitPt_156_GenID_0	70	1
f7_15	70	1
f7_13	70	1
ID_155_F1_7_F2_3_G_3_SplitPt_169_GenID_0	70	1
f7_12	70	1
f15_21	70	2
f15_20	70	2
ID_155_F1_7_F2_3_G_3_SplitPt_169_GenID_0	71	0	1	172	169	499	170
ID_44_F1_7_F2_19_G_4_SplitPt_156_GenID_0	71	1
ID_117_F1_7_F2_15_G_4_SplitPt_172_GenID_0	71	1
f7_13	71	1
f7_12	71	1
f3_1	71	2
f3_0	71	2
ID_167_F1_5_F2_6_G_4_SplitPt_158_GenID_0	72	0	1	161	143	500	152
f5_3	72	1
f5_2	72	1
f5_1	72	1
f5_0	72	1
f6_11	72	2
f6_9	72	2
f6_10	72	2
f6_8	72	2
ID_6_F1_5_F2_11_G_3_SplitPt_170_GenID_0	73	0	2	167	169	500	168
f5_23	73	1
f5_22	73	1
f11_7	73	2
f11_6	73	2
ID_232_F1_12_F2_11_G_3_SplitPt_156_GenID_0	74	0	157	500	1	162	159
f11_5	74	1
f11_4	74	1
f12_11	74	2
f12_10	74	2
ID_218_F1_6_F2_19_G_3_SplitPt_188_GenID_0	75	0	1	188	191	498	189
f6_31	75	1
f6_30	75	1
f19_19	75	2
f19_18	75	2
ID_86_F1_18_F2_13_G_4_SplitPt_89_GenID_0	76	0	5	89	88	500	88
f18_7	76	1
f18_4	76	1
f18_6	76	1
f18_5	76	1
f13_11	76	2
f13_10	76	2
ID_110_F1_3_F2_0_G_3_SplitPt_115_GenID_0	77	0	108	499	3	114	111
f0_7	77	1
f0_6	77	1
f3_21	77	2
f3_20	77	2
ID_141_F1_0_F2_8_G_4_SplitPt_145_GenID_0	78	0	1	153	146	500	149
f0_7	78	1
f0_6	78	1
f8_7	78	2
f8_4	78	2
f8_6	78	2
f8_5	78	2
ID_141_F1_0_F2_8_G_4_SplitPt_145_GenID_0	78	0	1	145	146	500	145
f0_4	78	1
f8_7	78	2
f8_4	78	2
f8_6	78	2
f8_5	78	2
ID_72_F1_17_F2_6_G_4_SplitPt_245_GenID_0	79	0	246	500	1	245	245
f6_25	79	1
f6_24	79	1
f17_27	79	2
f17_26	79	2
ID_245_F1_19_F2_7_G_4_SplitPt_78_GenID_0	80	0	1	78	79	499	78
f19_15	80	1
f19_11	80	1
f19_14	80	1
f19_12	80	1
f19_13	80	1
f7_7	80	2
f7_6	80	2
ID_35_F1_19_F2_7_G_4_SplitPt_190_GenID_0	81	0	3	194	191	500	192
f19_7	81	1
f19_5	81	1
f19_4	81	1
f7_25	81	2
f7_24	81	2
