gene_id	fusion_event	family_number	start_med_align1	end_med_align1	start_med_align2	end_med_align2	break_point
ID_37_F1_19_F2_16_G_3_SplitPt_235_GenID_0	0	0	1	235	228	499	231
f19_23	0	1
f19_31	0	1
f19_30	0	1
f19_29	0	1
f16_25	0	2
f16_24	0	2
ID_124_F1_7_F2_19_G_4_SplitPt_94_GenID_0	1	0	74	499	5	93	83
ID_76_F1_19_F2_13_G_3_SplitPt_186_GenID_0	1	1
f19_23	1	1
f19_29	1	1
f19_22	1	1
f19_21	1	1
f19_19	1	1
f19_18	1	1
f7_3	1	2
f7_2	1	2
ID_76_F1_19_F2_13_G_3_SplitPt_186_GenID_0	1	0	1	188	171	497	179
f19_23	1	1
ID_124_F1_7_F2_19_G_4_SplitPt_94_GenID_0	1	1
f19_22	1	1
f19_21	1	1
f13_5	1	2
f13_4	1	2
ID_116_F1_17_F2_14_G_4_SplitPt_157_GenID_0	2	0	1	156	156	500	156
f17_29	2	1
f17_28	2	1
f17_25	2	1
f17_24	2	1
f14_15	2	2
f14_13	2	2
f14_14	2	2
ID_64_F1_17_F2_2_G_4_SplitPt_247_GenID_0	3	0	1	247	240	500	243
f17_27	3	1
f17_26	3	1
f17_24	3	1
f2_3	3	2
f2_0	3	2
f2_2	3	2
f2_1	3	2
f15_23	4	0	1	160	196	500	178
f15_22	4	0	1	201	199	500	200
ID_101_F1_15_F2_13_G_4_SplitPt_155_GenID_0	4	1
ID_60_F1_8_F2_15_G_3_SplitPt_205_GenID_0	4	2
ID_60_F1_8_F2_15_G_3_SplitPt_205_GenID_0	5	0	197	500	1	204	200
f15_23	5	1
f15_22	5	1
f8_7	5	2
f8_6	5	2
ID_7_F1_12_F2_8_G_3_SplitPt_101_GenID_0	6	0	100	499	1	102	101
f8_4	6	1
f8_5	6	1
f12_7	6	2
f12_6	6	2
ID_42_F1_12_F2_17_G_4_SplitPt_76_GenID_0	7	0	1	76	61	500	68
f12_21	7	1
f12_23	7	1
f12_22	7	1
f12_20	7	1
f12_10	7	1
f17_23	7	2
f17_21	7	2
f17_22	7	2
f17_20	7	2
ID_42_F1_12_F2_17_G_4_SplitPt_76_GenID_0	7	0	61	500	1	59	60
f17_23	7	1
f17_21	7	1
f17_22	7	1
f17_20	7	1
f12_19	7	2
ID_2_F1_13_F2_12_G_3_SplitPt_146_GenID_0	8	0	148	500	1	89	118
f12_15	8	1
f12_11	8	1
f12_14	8	1
f13_22	8	2
ID_2_F1_13_F2_12_G_3_SplitPt_146_GenID_0	8	0	148	500	4	145	146
f12_15	8	1
f12_11	8	1
f12_14	8	1
f13_17	8	2
f13_16	8	2
ID_22_F1_13_F2_10_G_3_SplitPt_209_GenID_0	8	0	4	212	210	500	211
f13_17	8	1
f13_16	8	1
f10_3	8	2
f10_2	8	2
ID_108_F1_12_F2_9_G_4_SplitPt_138_GenID_0	9	0	2	138	132	496	135
f12_7	9	1
f12_5	9	1
f12_4	9	1
f9_27	9	2
f9_26	9	2
ID_108_F1_12_F2_9_G_4_SplitPt_138_GenID_0	9	0	2	138	137	499	137
f12_7	9	1
f12_5	9	1
f12_4	9	1
f9_25	9	2
ID_101_F1_15_F2_13_G_4_SplitPt_155_GenID_0	9	0	1	160	156	500	158
f15_23	9	1
f15_22	9	1
f15_21	9	1
f13_15	9	2
f13_14	9	2
f13_12	9	2
ID_72_F1_15_F2_10_G_4_SplitPt_175_GenID_0	10	0	171	500	1	182	176
f10_31	10	1
f10_27	10	1
f10_30	10	1
f15_13	10	2
f15_12	10	2
ID_106_F1_10_F2_5_G_4_SplitPt_100_GenID_0	11	0	1	100	102	500	101
f10_31	11	1
f5_15	11	2
f5_12	11	2
f5_14	11	2
f5_13	11	2
ID_106_F1_10_F2_5_G_4_SplitPt_100_GenID_0	11	0	1	105	102	500	103
f10_29	11	1
f10_28	11	1
f5_15	11	2
f5_12	11	2
f5_14	11	2
f5_13	11	2
ID_0_F1_11_F2_17_G_4_SplitPt_238_GenID_0	12	0	239	500	1	238	238
f17_3	12	1
f17_2	12	1
f11_19	12	2
f11_18	12	2
ID_0_F1_11_F2_17_G_4_SplitPt_238_GenID_0	12	0	239	500	7	242	240
f17_3	12	1
f17_2	12	1
f11_17	12	2
f11_16	12	2
ID_36_F1_17_F2_18_G_2_SplitPt_60_GenID_0	12	0	1	64	64	499	64
f17_10	12	1
f18_0	12	2
ID_13_F1_17_F2_2_G_4_SplitPt_118_GenID_0	13	0	1	113	119	499	116
f17_11	13	1
f17_10	13	1
f17_9	13	1
f17_8	13	1
f2_15	13	2
f2_12	13	2
f2_14	13	2
f2_13	13	2
ID_41_F1_11_F2_17_G_3_SplitPt_82_GenID_0	14	0	83	499	3	82	82
f17_11	14	1
f17_10	14	1
f11_29	14	2
f11_29	15	0	3	82	96	500	89
ID_41_F1_11_F2_17_G_3_SplitPt_82_GenID_0	15	1
ID_56_F1_2_F2_11_G_3_SplitPt_190_GenID_0	15	2
f11_28	15	2
ID_56_F1_2_F2_11_G_3_SplitPt_190_GenID_0	15	0	184	500	1	190	187
f11_29	15	1
f11_28	15	1
f2_25	15	2
f2_24	15	2
ID_14_F1_15_F2_0_G_3_SplitPt_64_GenID_0	16	0	64	499	3	58	61
f0_7	16	1
f0_6	16	1
f15_11	16	2
f15_10	16	2
ID_19_F1_0_F2_15_G_3_SplitPt_188_GenID_0	17	0	2	193	189	500	191
f0_5	17	1
f0_4	17	1
f15_1	17	2
f15_0	17	2
ID_40_F1_15_F2_1_G_3_SplitPt_129_GenID_0	18	0	2	122	133	499	127
f15_1	18	1
f15_3	18	1
f15_5	18	1
f15_6	18	1
f15_2	18	1
f1_25	18	2
f1_24	18	2
ID_17_F1_2_F2_12_G_3_SplitPt_200_GenID_0	19	0	203	500	1	200	201
f12_3	19	1
f12_2	19	1
f2_5	19	2
f2_4	19	2
ID_107_F1_6_F2_2_G_3_SplitPt_205_GenID_0	20	0	205	500	6	220	212
f2_7	20	1
ID_123_F1_11_F2_2_G_3_SplitPt_193_GenID_0	20	1
f2_6	20	1
f6_9	20	2
f6_8	20	2
ID_113_F1_4_F2_6_G_3_SplitPt_74_GenID_0	21	0	75	500	2	75	75
f6_9	21	1
f6_8	21	1
f6_10	21	1
f4_3	21	2
f4_2	21	2
ID_123_F1_11_F2_2_G_3_SplitPt_193_GenID_0	22	0	196	500	1	197	196
f2_7	22	1
f2_6	22	1
ID_107_F1_6_F2_2_G_3_SplitPt_205_GenID_0	22	1
f11_27	22	2
f11_26	22	2
ID_43_F1_10_F2_2_G_4_SplitPt_224_GenID_0	23	0	224	500	2	231	227
f2_18	23	1
f2_19	23	1
f2_17	23	1
f2_16	23	1
f10_10	23	2
f10_8	23	2
f10_9	23	2
ID_6_F1_16_F2_9_G_3_SplitPt_223_GenID_0	24	0	1	241	226	500	233
f16_1	24	1
f16_0	24	1
f9_5	24	2
f9_4	24	2
ID_87_F1_14_F2_6_G_3_SplitPt_237_GenID_0	25	0	225	499	1	242	233
f6_3	25	1
f6_2	25	1
f14_27	25	2
f14_26	25	2
ID_24_F1_1_F2_10_G_3_SplitPt_215_GenID_0	26	0	215	500	1	203	209
f10_23	26	1
f10_22	26	1
f1_11	26	2
f1_10	26	2
ID_73_F1_4_F2_3_G_4_SplitPt_52_GenID_0	27	0	1	51	49	500	50
f4_7	27	1
f4_4	27	1
f4_6	27	1
f4_5	27	1
f3_6	27	2
f3_4	27	2
f3_5	27	2
ID_16_F1_17_F2_12_G_4_SplitPt_180_GenID_0	28	0	1	186	181	500	183
f17_18	28	1
f12_31	28	2
f12_28	28	2
f12_30	28	2
f12_29	28	2
f12_25	28	2
f12_26	28	2
f12_27	28	2
f12_24	28	2
ID_16_F1_17_F2_12_G_4_SplitPt_180_GenID_0	28	0	2	180	181	500	180
f17_17	28	1
f17_16	28	1
f12_31	28	2
f12_28	28	2
f12_30	28	2
f12_29	28	2
f12_25	28	2
f12_26	28	2
f12_27	28	2
f12_24	28	2
ID_97_F1_18_F2_16_G_4_SplitPt_153_GenID_0	29	0	135	500	1	153	144
f16_31	29	1
f16_28	29	1
f16_30	29	1
f16_29	29	1
f18_15	29	2
f18_14	29	2
f18_13	29	2
f18_12	29	2
ID_77_F1_7_F2_14_G_3_SplitPt_92_GenID_0	30	0	92	500	1	91	91
f14_23	30	1
f14_22	30	1
f7_29	30	2
f7_28	30	2
ID_93_F1_0_F2_3_G_3_SplitPt_77_GenID_0	31	0	5	77	70	496	73
f0_13	31	1
f0_12	31	1
f3_9	31	2
f3_8	31	2
ID_32_F1_4_F2_15_G_4_SplitPt_162_GenID_0	32	0	3	165	163	500	164
f4_23	32	1
f4_22	32	1
f4_21	32	1
f4_20	32	1
f15_31	32	2
f15_30	32	2
ID_46_F1_16_F2_11_G_3_SplitPt_84_GenID_0	33	0	17	80	76	500	78
f16_9	33	1
f11_7	33	2
f11_6	33	2
ID_45_F1_9_F2_2_G_4_SplitPt_85_GenID_0	33	0	85	500	1	86	85
f2_9	33	1
f2_8	33	1
f9_15	33	2
f9_12	33	2
f9_13	33	2
ID_122_F1_10_F2_4_G_4_SplitPt_122_GenID_0	34	0	1	123	123	499	123
f10_1	34	1
f10_0	34	1
f4_15	34	2
ID_30_F1_10_F2_4_G_4_SplitPt_121_GenID_0	34	2
f4_14	34	2
f4_13	34	2
f4_12	34	2
ID_30_F1_10_F2_4_G_4_SplitPt_121_GenID_0	35	0	120	500	1	123	121
ID_122_F1_10_F2_4_G_4_SplitPt_122_GenID_0	35	1
f4_15	35	1
f4_14	35	1
f4_13	35	1
f4_12	35	1
f10_17	35	2
f10_16	35	2
ID_96_F1_5_F2_3_G_4_SplitPt_148_GenID_0	36	0	1	154	223	297	188
f5_27	36	1
f5_26	36	1
f3_24	36	2
ID_96_F1_5_F2_3_G_4_SplitPt_148_GenID_0	36	0	1	154	151	500	152
f5_27	36	1
f5_26	36	1
f3_19	36	2
f3_18	36	2
ID_96_F1_5_F2_3_G_4_SplitPt_148_GenID_0	36	0	1	148	223	297	185
f5_25	36	1
f5_24	36	1
f3_24	36	2
ID_96_F1_5_F2_3_G_4_SplitPt_148_GenID_0	36	0	1	148	151	500	149
f5_25	36	1
f5_24	36	1
f3_19	36	2
f3_18	36	2
ID_28_F1_9_F2_14_G_4_SplitPt_211_GenID_0	36	0	212	499	1	216	214
f14_31	36	1
f14_28	36	1
f14_30	36	1
f14_29	36	1
f9_11	36	2
ID_28_F1_9_F2_14_G_4_SplitPt_211_GenID_0	36	0	212	499	1	214	213
f14_31	36	1
f14_28	36	1
f14_30	36	1
f14_29	36	1
f9_9	36	2
f9_8	36	2
