gene_id	fusion_event	family_number	start_med_align1	end_med_align1	start_med_align2	end_med_align2	break_point
f6_31	0	0	8	115	148	500	131
f6_30	0	0	1	123	148	500	135
ID_402_F1_6_F2_19_G_4_SplitPt_112_GenID_0	0	1
ID_474_F1_10_F2_6_G_4_SplitPt_148_GenID_0	0	2
ID_474_F1_10_F2_6_G_4_SplitPt_148_GenID_0	1	0	148	500	1	148	148
f6_31	1	1
f6_30	1	1
f10_15	1	2
f10_14	1	2
ID_13_F1_10_F2_6_G_4_SplitPt_207_GenID_0	1	2
ID_13_F1_10_F2_6_G_4_SplitPt_207_GenID_0	2	0	1	206	200	500	203
ID_474_F1_10_F2_6_G_4_SplitPt_148_GenID_0	2	1
f10_15	2	1
f10_14	2	1
f6_1	2	2
f6_0	2	2
ID_402_F1_6_F2_19_G_4_SplitPt_112_GenID_0	3	0	4	116	119	500	117
f6_31	3	1
f6_30	3	1
f19_23	3	2
f19_22	3	2
ID_400_F1_1_F2_19_G_4_SplitPt_155_GenID_0	3	2
ID_400_F1_1_F2_19_G_4_SplitPt_155_GenID_0	4	0	148	500	1	154	151
ID_402_F1_6_F2_19_G_4_SplitPt_112_GenID_0	4	1
f19_23	4	1
f19_22	4	1
f1_31	4	2
f1_30	4	2
f11_1	5	0	7	68	84	495	76
ID_190_F1_11_F2_5_G_3_SplitPt_68_GenID_0	5	1
ID_44_F1_17_F2_11_G_4_SplitPt_161_GenID_0	5	2
f11_0	5	2
ID_44_F1_17_F2_11_G_4_SplitPt_161_GenID_0	6	0	162	497	1	160	161
f11_1	6	1
f11_0	6	1
f17_21	6	2
f17_20	6	2
ID_103_F1_8_F2_9_G_4_SplitPt_63_GenID_0	7	0	1	63	50	499	56
f8_24	7	1
f9_9	7	2
ID_445_F1_0_F2_9_G_4_SplitPt_147_GenID_0	7	2
f9_8	7	2
ID_103_F1_8_F2_9_G_4_SplitPt_63_GenID_0	7	0	50	499	1	62	56
f9_9	7	1
ID_445_F1_0_F2_9_G_4_SplitPt_147_GenID_0	7	1
f9_8	7	1
ID_147_F1_8_F2_18_G_3_SplitPt_189_GenID_0	7	2
ID_445_F1_0_F2_9_G_4_SplitPt_147_GenID_0	8	0	149	499	2	149	149
ID_103_F1_8_F2_9_G_4_SplitPt_63_GenID_0	8	1
f9_9	8	1
f9_8	8	1
f0_3	8	2
f0_2	8	2
ID_342_F1_2_F2_5_G_4_SplitPt_142_GenID_0	9	0	143	500	1	146	144
f5_29	9	1
f5_28	9	1
f2_21	9	2
f2_20	9	2
ID_210_F1_2_F2_15_G_4_SplitPt_213_GenID_0	9	2
ID_210_F1_2_F2_15_G_4_SplitPt_213_GenID_0	10	0	1	203	207	500	205
ID_342_F1_2_F2_5_G_4_SplitPt_142_GenID_0	10	1
f2_21	10	1
f2_20	10	1
f15_23	10	2
f15_22	10	2
ID_322_F1_19_F2_15_G_4_SplitPt_238_GenID_0	10	2
ID_159_F1_3_F2_15_G_4_SplitPt_107_GenID_0	10	2
f15_23	11	0	227	500	1	243	235
ID_210_F1_2_F2_15_G_4_SplitPt_213_GenID_0	11	1
ID_322_F1_19_F2_15_G_4_SplitPt_238_GenID_0	11	1
ID_297_F1_15_F2_4_G_4_SplitPt_243_GenID_0	11	2
f4_20	12	0	117	499	1	110	113
ID_297_F1_15_F2_4_G_4_SplitPt_243_GenID_0	12	1
f4_21	12	1
ID_179_F1_4_F2_4_G_4_SplitPt_110_GenID_0	12	2
ID_179_F1_4_F2_4_G_4_SplitPt_110_GenID_0	13	0	1	110	111	498	110
f4_20	13	1
f4_5	13	2
ID_266_F1_0_F2_4_G_4_SplitPt_97_GenID_0	13	2
f4_4	13	2
ID_266_F1_0_F2_4_G_4_SplitPt_97_GenID_0	14	0	97	498	1	113	105
ID_179_F1_4_F2_4_G_4_SplitPt_110_GenID_0	14	1
f4_5	14	1
f4_4	14	1
f0_29	14	2
f0_28	14	2
ID_322_F1_19_F2_15_G_4_SplitPt_238_GenID_0	15	0	239	500	1	238	238
ID_210_F1_2_F2_15_G_4_SplitPt_213_GenID_0	15	1
f15_23	15	1
f15_22	15	1
ID_159_F1_3_F2_15_G_4_SplitPt_107_GenID_0	15	1
f19_17	15	2
ID_489_F1_19_F2_14_G_4_SplitPt_102_GenID_0	15	2
f19_16	15	2
ID_223_F1_16_F2_19_G_4_SplitPt_155_GenID_0	15	2
ID_322_F1_19_F2_15_G_4_SplitPt_238_GenID_0	16	0	1	102	153	238	127
f19_17	16	0	1	102	156	500	129
f19_16	16	0	1	102	155	500	128
ID_489_F1_19_F2_14_G_4_SplitPt_102_GenID_0	16	1
ID_223_F1_16_F2_19_G_4_SplitPt_155_GenID_0	16	2
ID_489_F1_19_F2_14_G_4_SplitPt_102_GenID_0	17	0	1	102	102	500	102
ID_322_F1_19_F2_15_G_4_SplitPt_238_GenID_0	17	1
f19_17	17	1
f19_16	17	1
f14_19	17	2
f14_18	17	2
ID_223_F1_16_F2_19_G_4_SplitPt_155_GenID_0	18	0	155	500	1	154	154
ID_322_F1_19_F2_15_G_4_SplitPt_238_GenID_0	18	1
f19_17	18	1
f19_16	18	1
f16_5	18	2
f16_4	18	2
ID_159_F1_3_F2_15_G_4_SplitPt_107_GenID_0	19	0	110	500	1	115	112
ID_210_F1_2_F2_15_G_4_SplitPt_213_GenID_0	19	1
f15_23	19	1
ID_297_F1_15_F2_4_G_4_SplitPt_243_GenID_0	19	1
f15_22	19	1
ID_322_F1_19_F2_15_G_4_SplitPt_238_GenID_0	19	1
f3_9	19	2
f3_8	19	2
ID_303_F1_18_F2_6_G_4_SplitPt_153_GenID_0	20	0	1	158	152	500	155
ID_156_F1_18_F2_19_G_4_SplitPt_117_GenID_0	20	1
f18_2	20	1
f18_3	20	1
f6_5	20	2
f6_4	20	2
ID_156_F1_18_F2_19_G_4_SplitPt_117_GenID_0	21	0	1	117	110	500	113
f18_2	21	1
ID_303_F1_18_F2_6_G_4_SplitPt_153_GenID_0	21	1
f19_19	21	2
f19_18	21	2
ID_221_F1_0_F2_6_G_4_SplitPt_65_GenID_0	22	0	1	65	69	500	67
ID_101_F1_0_F2_17_G_4_SplitPt_172_GenID_0	22	1
f0_21	22	1
f0_20	22	1
f6_9	22	2
f6_8	22	2
ID_101_F1_0_F2_17_G_4_SplitPt_172_GenID_0	23	0	1	172	173	497	172
f0_21	23	1
ID_221_F1_0_F2_6_G_4_SplitPt_65_GenID_0	23	1
f0_20	23	1
f17_11	23	2
f17_10	23	2
ID_11_F1_8_F2_12_G_4_SplitPt_158_GenID_0	24	0	160	500	1	174	167
f12_1	24	1
f12_0	24	1
f8_23	24	2
f8_22	24	2
ID_438_F1_17_F2_0_G_4_SplitPt_215_GenID_0	25	0	216	499	1	217	216
f0_15	25	1
f0_14	25	1
f17_3	25	2
f17_2	25	2
ID_119_F1_0_F2_3_G_4_SplitPt_243_GenID_0	26	0	1	242	244	499	243
f0_13	26	1
ID_298_F1_0_F2_0_G_4_SplitPt_93_GenID_0	26	1
f0_12	26	1
f3_21	26	2
f3_20	26	2
ID_361_F1_5_F2_3_G_4_SplitPt_123_GenID_0	27	0	1	125	126	498	125
f5_1	27	1
f5_0	27	1
f3_7	27	2
f3_6	27	2
ID_128_F1_2_F2_19_G_4_SplitPt_242_GenID_0	28	0	243	500	1	245	244
f19_1	28	1
f19_0	28	1
f2_3	28	2
f2_2	28	2
ID_327_F1_2_F2_7_G_3_SplitPt_102_GenID_0	29	0	1	101	108	194	104
f2_23	29	1
ID_39_F1_7_F2_12_G_4_SplitPt_188_GenID_0	29	2
ID_39_F1_7_F2_12_G_4_SplitPt_188_GenID_0	30	0	108	194	177	497	185
ID_327_F1_2_F2_7_G_3_SplitPt_102_GenID_0	30	1
f12_17	30	2
f12_16	30	2
f12_16	30	0	95	494	1	98	96
ID_39_F1_7_F2_12_G_4_SplitPt_188_GenID_0	30	1
f12_17	30	1
ID_16_F1_12_F2_10_G_3_SplitPt_102_GenID_0	30	2
f7_26	31	0	1	189	188	500	188
ID_39_F1_7_F2_12_G_4_SplitPt_188_GenID_0	31	1
ID_307_F1_2_F2_7_G_4_SplitPt_186_GenID_0	31	2
ID_307_F1_2_F2_7_G_4_SplitPt_186_GenID_0	32	0	187	500	1	188	187
f7_27	32	1
f7_26	32	1
f2_13	32	2
f2_12	32	2
ID_371_F1_0_F2_15_G_4_SplitPt_102_GenID_0	33	0	1	102	104	498	103
f0_17	33	1
f0_16	33	1
f15_13	33	2
f15_12	33	2
f6_3	34	0	1	89	133	499	111
f6_2	34	0	1	89	129	500	109
ID_163_F1_6_F2_18_G_4_SplitPt_89_GenID_0	34	1
ID_8_F1_13_F2_6_G_4_SplitPt_135_GenID_0	34	2
ID_8_F1_13_F2_6_G_4_SplitPt_135_GenID_0	35	0	131	499	1	137	134
f6_3	35	1
f6_2	35	1
f13_3	35	2
ID_25_F1_13_F2_7_G_4_SplitPt_194_GenID_0	35	2
f13_2	35	2
ID_25_F1_13_F2_7_G_4_SplitPt_194_GenID_0	36	0	1	193	193	500	193
ID_8_F1_13_F2_6_G_4_SplitPt_135_GenID_0	36	1
f13_3	36	1
f13_2	36	1
f7_31	36	2
f7_30	36	2
ID_163_F1_6_F2_18_G_4_SplitPt_89_GenID_0	37	0	1	89	83	499	86
f6_3	37	1
f6_2	37	1
f18_5	37	2
f18_4	37	2
f15_27	38	0	102	500	1	85	93
f15_26	38	0	112	500	1	97	104
ID_70_F1_7_F2_15_G_4_SplitPt_98_GenID_0	38	1
ID_123_F1_17_F2_15_G_4_SplitPt_124_GenID_0	38	1
ID_357_F1_15_F2_0_G_4_SplitPt_85_GenID_0	38	2
ID_357_F1_15_F2_0_G_4_SplitPt_85_GenID_0	39	0	1	91	86	500	88
f15_27	39	1
f15_26	39	1
f0_25	39	2
f0_24	39	2
ID_123_F1_17_F2_15_G_4_SplitPt_124_GenID_0	40	0	125	500	2	129	127
ID_70_F1_7_F2_15_G_4_SplitPt_98_GenID_0	40	1
f15_27	40	1
f15_26	40	1
f17_5	40	2
f17_4	40	2
ID_70_F1_7_F2_15_G_4_SplitPt_98_GenID_0	41	0	99	500	1	98	98
f15_27	41	1
f15_26	41	1
ID_123_F1_17_F2_15_G_4_SplitPt_124_GenID_0	41	1
f7_3	41	2
f7_2	41	2
ID_70_F1_7_F2_15_G_4_SplitPt_98_GenID_0	41	0	99	500	3	98	98
f15_27	41	1
f15_26	41	1
ID_123_F1_17_F2_15_G_4_SplitPt_124_GenID_0	41	1
f7_0	41	2
f7_3	41	0	1	99	108	500	103
f7_2	41	0	1	98	101	500	99
ID_70_F1_7_F2_15_G_4_SplitPt_98_GenID_0	41	1
ID_407_F1_1_F2_7_G_4_SplitPt_103_GenID_0	41	2
ID_407_F1_1_F2_7_G_4_SplitPt_103_GenID_0	42	0	104	500	1	110	107
f7_3	42	1
f7_2	42	1
f1_5	42	2
f1_4	42	2
ID_370_F1_1_F2_9_G_4_SplitPt_107_GenID_0	43	0	1	108	108	500	108
f1_29	43	1
f1_28	43	1
f9_5	43	2
f9_4	43	2
ID_311_F1_11_F2_8_G_4_SplitPt_224_GenID_0	44	0	224	497	1	223	223
f8_27	44	1
f8_26	44	1
f11_31	44	2
f11_30	44	2
f11_31	45	0	2	223	228	500	225
f11_30	45	0	1	224	225	500	224
ID_311_F1_11_F2_8_G_4_SplitPt_224_GenID_0	45	1
ID_460_F1_8_F2_11_G_4_SplitPt_224_GenID_0	45	2
ID_460_F1_8_F2_11_G_4_SplitPt_224_GenID_0	46	0	226	500	1	224	225
f11_31	46	1
f11_30	46	1
f8_1	46	2
ID_62_F1_4_F2_8_G_4_SplitPt_97_GenID_0	46	2
f8_0	46	2
ID_460_F1_8_F2_11_G_4_SplitPt_224_GenID_0	46	0	226	500	143	224	225
f11_31	46	1
f11_30	46	1
ID_415_F1_7_F2_8_G_4_SplitPt_130_GenID_0	46	2
ID_62_F1_4_F2_8_G_4_SplitPt_97_GenID_0	46	0	98	499	4	95	96
ID_460_F1_8_F2_11_G_4_SplitPt_224_GenID_0	46	1
f8_1	46	1
f8_0	46	1
ID_172_F1_8_F2_8_G_4_SplitPt_243_GenID_0	46	1
f4_27	46	2
ID_277_F1_4_F2_6_G_3_SplitPt_88_GenID_0	46	2
ID_348_F1_4_F2_4_G_4_SplitPt_230_GenID_0	46	2
f4_26	46	2
ID_288_F1_4_F2_3_G_4_SplitPt_164_GenID_0	47	0	1	164	162	500	163
f4_15	47	1
f3_3	47	2
f3_2	47	2
ID_146_F1_11_F2_3_G_4_SplitPt_102_GenID_0	47	2
f3_3	48	0	162	500	1	164	163
f3_2	48	0	162	500	2	163	162
ID_146_F1_11_F2_3_G_4_SplitPt_102_GenID_0	48	0	162	500	103	164	163
ID_288_F1_4_F2_3_G_4_SplitPt_164_GenID_0	48	1
ID_69_F1_3_F2_9_G_4_SplitPt_161_GenID_0	48	2
ID_69_F1_3_F2_9_G_4_SplitPt_161_GenID_0	49	0	2	164	161	496	162
f3_3	49	1
f3_2	49	1
ID_146_F1_11_F2_3_G_4_SplitPt_102_GenID_0	49	1
f9_19	49	2
f9_17	49	2
f9_18	49	2
ID_273_F1_9_F2_17_G_3_SplitPt_114_GenID_0	50	0	2	105	112	496	108
f9_18	50	1
f17_27	50	2
f17_26	50	2
ID_146_F1_11_F2_3_G_4_SplitPt_102_GenID_0	51	0	103	500	1	102	102
ID_288_F1_4_F2_3_G_4_SplitPt_164_GenID_0	51	1
f3_3	51	1
ID_69_F1_3_F2_9_G_4_SplitPt_161_GenID_0	51	1
f3_2	51	1
f11_15	51	2
ID_423_F1_8_F2_6_G_4_SplitPt_53_GenID_0	52	0	1	64	54	500	59
ID_172_F1_8_F2_8_G_4_SplitPt_243_GenID_0	52	1
f8_7	52	1
f8_6	52	1
f6_13	52	2
ID_382_F1_7_F2_6_G_4_SplitPt_55_GenID_0	52	2
f6_12	52	2
ID_382_F1_7_F2_6_G_4_SplitPt_55_GenID_0	53	0	56	500	1	55	55
ID_423_F1_8_F2_6_G_4_SplitPt_53_GenID_0	53	1
f6_13	53	1
f6_12	53	1
f7_4	53	2
ID_265_F1_7_F2_15_G_4_SplitPt_106_GenID_0	53	2
f7_4	54	0	1	106	188	500	147
f7_5	54	0	1	106	183	500	144
ID_60_F1_17_F2_7_G_4_SplitPt_58_GenID_0	54	0	59	106	188	500	147
ID_265_F1_7_F2_15_G_4_SplitPt_106_GenID_0	54	1
ID_195_F1_12_F2_7_G_4_SplitPt_182_GenID_0	54	2
ID_265_F1_7_F2_15_G_4_SplitPt_106_GenID_0	55	0	1	106	101	498	103
ID_382_F1_7_F2_6_G_4_SplitPt_55_GenID_0	55	1
f7_4	55	1
f7_5	55	1
ID_60_F1_17_F2_7_G_4_SplitPt_58_GenID_0	55	1
f15_29	55	2
f15_28	55	2
ID_60_F1_17_F2_7_G_4_SplitPt_58_GenID_0	56	0	60	500	1	58	59
f7_4	56	1
f7_5	56	1
ID_265_F1_7_F2_15_G_4_SplitPt_106_GenID_0	56	1
ID_195_F1_12_F2_7_G_4_SplitPt_182_GenID_0	56	1
f17_9	56	2
f17_8	56	2
ID_195_F1_12_F2_7_G_4_SplitPt_182_GenID_0	57	0	188	500	1	187	187
f7_4	57	1
f7_5	57	1
ID_60_F1_17_F2_7_G_4_SplitPt_58_GenID_0	57	1
f12_5	57	2
f12_4	57	2
ID_415_F1_7_F2_8_G_4_SplitPt_130_GenID_0	58	0	143	224	1	126	134
ID_460_F1_8_F2_11_G_4_SplitPt_224_GenID_0	58	1
f7_25	58	2
f7_24	58	2
ID_415_F1_7_F2_8_G_4_SplitPt_130_GenID_0	58	0	127	499	1	126	126
f8_3	58	1
f8_2	58	1
f7_25	58	2
f7_24	58	2
ID_345_F1_14_F2_11_G_4_SplitPt_113_GenID_0	59	0	1	95	116	500	105
ID_272_F1_14_F2_15_G_3_SplitPt_116_GenID_0	59	1
f11_13	59	2
f11_12	59	2
ID_230_F1_12_F2_11_G_4_SplitPt_138_GenID_0	59	2
ID_345_F1_14_F2_11_G_4_SplitPt_113_GenID_0	59	0	1	116	116	500	116
f14_23	59	1
f14_22	59	1
f11_13	59	2
f11_12	59	2
ID_230_F1_12_F2_11_G_4_SplitPt_138_GenID_0	59	2
ID_345_F1_14_F2_11_G_4_SplitPt_113_GenID_0	59	0	19	102	116	500	109
f14_20	59	1
f11_13	59	2
f11_12	59	2
ID_230_F1_12_F2_11_G_4_SplitPt_138_GenID_0	59	2
ID_110_F1_14_F2_18_G_4_SplitPt_230_GenID_0	60	0	2	242	234	500	238
f14_20	60	1
f14_21	60	1
f18_17	60	2
f18_16	60	2
ID_230_F1_12_F2_11_G_4_SplitPt_138_GenID_0	61	0	139	500	1	139	139
ID_345_F1_14_F2_11_G_4_SplitPt_113_GenID_0	61	1
f11_13	61	1
f11_12	61	1
f12_27	61	2
f12_26	61	2
f12_27	62	0	1	138	234	500	186
f12_26	62	0	1	140	236	499	188
ID_230_F1_12_F2_11_G_4_SplitPt_138_GenID_0	62	1
ID_155_F1_3_F2_12_G_4_SplitPt_233_GenID_0	62	2
ID_155_F1_3_F2_12_G_4_SplitPt_233_GenID_0	63	0	235	500	1	233	234
f12_27	63	1
f12_26	63	1
f3_31	63	2
ID_280_F1_3_F2_19_G_4_SplitPt_122_GenID_0	63	2
f3_30	63	2
ID_280_F1_3_F2_19_G_4_SplitPt_122_GenID_0	64	0	1	132	123	497	127
ID_155_F1_3_F2_12_G_4_SplitPt_233_GenID_0	64	1
f3_31	64	1
f3_30	64	1
f19_9	64	2
f19_8	64	2
ID_112_F1_7_F2_3_G_4_SplitPt_188_GenID_0	65	0	1	197	183	500	190
f7_21	65	1
f7_20	65	1
f3_19	65	2
f3_18	65	2
ID_169_F1_3_F2_15_G_4_SplitPt_231_GenID_0	66	0	1	239	233	500	236
f3_18	66	1
f15_9	66	2
f15_8	66	2
ID_468_F1_10_F2_7_G_4_SplitPt_91_GenID_0	67	0	1	91	93	499	92
f10_3	67	1
f10_2	67	1
f7_7	67	2
f7_6	67	2
ID_492_F1_8_F2_5_G_4_SplitPt_194_GenID_0	68	0	197	500	2	157	177
f5_23	68	1
f5_22	68	1
f8_15	68	2
ID_186_F1_8_F2_7_G_4_SplitPt_97_GenID_0	68	2
f8_14	68	2
ID_38_F1_8_F2_1_G_3_SplitPt_119_GenID_0	68	2
ID_186_F1_8_F2_7_G_4_SplitPt_97_GenID_0	69	0	4	97	90	500	93
ID_492_F1_8_F2_5_G_4_SplitPt_194_GenID_0	69	1
f8_15	69	1
f8_14	69	1
ID_38_F1_8_F2_1_G_3_SplitPt_119_GenID_0	69	1
f7_23	69	2
f7_22	69	2
ID_153_F1_10_F2_2_G_4_SplitPt_188_GenID_0	70	0	2	194	185	498	189
f10_25	70	1
f10_24	70	1
f2_29	70	2
f2_28	70	2
ID_503_F1_5_F2_17_G_4_SplitPt_235_GenID_0	71	0	220	500	1	235	227
f17_31	71	1
f17_30	71	1
f17_29	71	1
f5_27	71	2
f5_26	71	2
ID_135_F1_1_F2_18_G_4_SplitPt_154_GenID_0	72	0	155	498	1	154	154
f18_27	72	1
f18_26	72	1
f1_27	72	2
ID_421_F1_5_F2_1_G_4_SplitPt_78_GenID_0	72	2
f1_26	72	2
ID_421_F1_5_F2_1_G_4_SplitPt_78_GenID_0	73	0	79	498	1	82	80
ID_135_F1_1_F2_18_G_4_SplitPt_154_GenID_0	73	1
f1_27	73	1
f1_26	73	1
f5_21	73	2
f5_20	73	2
ID_109_F1_12_F2_2_G_4_SplitPt_153_GenID_0	74	0	1	152	154	500	153
f12_11	74	1
f12_10	74	1
f2_27	74	2
f2_26	74	2
ID_37_F1_3_F2_17_G_4_SplitPt_54_GenID_0	75	0	46	498	1	60	53
f17_19	75	1
f17_18	75	1
f3_27	75	2
f3_26	75	2
ID_83_F1_17_F2_18_G_4_SplitPt_117_GenID_0	76	0	125	500	1	117	121
ID_270_F1_12_F2_18_G_4_SplitPt_224_GenID_0	76	1
f18_29	76	1
f18_28	76	1
f17_17	76	2
f17_16	76	2
ID_95_F1_1_F2_19_G_4_SplitPt_235_GenID_0	77	0	1	239	230	500	234
f1_3	77	1
f1_2	77	1
f19_29	77	2
f19_28	77	2
ID_178_F1_1_F2_7_G_4_SplitPt_194_GenID_0	78	0	1	194	192	499	193
ID_476_F1_1_F2_9_G_4_SplitPt_235_GenID_0	78	1
f1_11	78	1
f1_10	78	1
f7_29	78	2
f7_28	78	2
ID_338_F1_4_F2_7_G_4_SplitPt_101_GenID_0	78	2
ID_338_F1_4_F2_7_G_4_SplitPt_101_GenID_0	79	0	102	499	1	117	109
ID_178_F1_1_F2_7_G_4_SplitPt_194_GenID_0	79	1
f7_29	79	1
f7_28	79	1
f4_9	79	2
f4_8	79	2
ID_476_F1_1_F2_9_G_4_SplitPt_235_GenID_0	80	0	1	234	237	499	235
f1_11	80	1
ID_178_F1_1_F2_7_G_4_SplitPt_194_GenID_0	80	1
f1_10	80	1
f9_15	80	2
f9_14	80	2
ID_508_F1_12_F2_16_G_4_SplitPt_117_GenID_0	81	0	118	499	1	120	119
f16_15	81	1
f16_14	81	1
f12_3	81	2
ID_480_F1_12_F2_2_G_4_SplitPt_242_GenID_0	81	2
f12_2	81	2
ID_480_F1_12_F2_2_G_4_SplitPt_242_GenID_0	82	0	1	238	226	499	232
ID_508_F1_12_F2_16_G_4_SplitPt_117_GenID_0	82	1
f12_3	82	1
f12_2	82	1
f2_31	82	2
f2_30	82	2
ID_279_F1_4_F2_0_G_4_SplitPt_187_GenID_0	83	0	189	500	1	189	189
f0_19	83	1
f0_18	83	1
f4_17	83	2
f4_16	83	2
ID_187_F1_2_F2_3_G_3_SplitPt_118_GenID_0	84	0	29	110	116	345	113
f2_16	84	1
f3_13	84	2
ID_225_F1_3_F2_7_G_4_SplitPt_196_GenID_0	84	2
ID_225_F1_3_F2_7_G_4_SplitPt_196_GenID_0	85	0	2	194	196	499	195
ID_187_F1_2_F2_3_G_3_SplitPt_118_GenID_0	85	1
f3_13	85	1
f3_12	85	1
f7_13	85	2
f7_12	85	2
ID_93_F1_13_F2_18_G_4_SplitPt_176_GenID_0	86	0	176	500	2	176	176
f18_21	86	1
f18_20	86	1
f13_19	86	2
f13_18	86	2
ID_372_F1_9_F2_10_G_4_SplitPt_189_GenID_0	87	0	191	499	2	194	192
f10_11	87	1
f10_10	87	1
f9_31	87	2
f9_30	87	2
ID_157_F1_10_F2_14_G_4_SplitPt_151_GenID_0	88	0	3	155	151	500	153
f10_7	88	1
f10_6	88	1
f14_27	88	2
f14_26	88	2
ID_202_F1_15_F2_0_G_4_SplitPt_173_GenID_0	89	0	174	500	2	173	173
f0_11	89	1
f0_10	89	1
f15_3	89	2
f15_2	89	2
ID_386_F1_1_F2_19_G_4_SplitPt_182_GenID_0	90	0	1	191	177	500	184
f1_15	90	1
f1_14	90	1
f19_5	90	2
f19_4	90	2
f19_5	91	0	182	500	1	167	174
f19_4	91	0	172	500	3	158	165
ID_386_F1_1_F2_19_G_4_SplitPt_182_GenID_0	91	1
ID_496_F1_19_F2_18_G_4_SplitPt_157_GenID_0	91	2
ID_124_F1_1_F2_15_G_4_SplitPt_170_GenID_0	92	0	167	499	1	170	168
f15_21	92	1
f15_20	92	1
f1_17	92	2
f1_16	92	2
ID_184_F1_6_F2_14_G_4_SplitPt_174_GenID_0	93	0	1	174	173	498	173
f6_23	93	1
f6_22	93	1
f14_9	93	2
f14_8	93	2
ID_346_F1_5_F2_6_G_4_SplitPt_109_GenID_0	94	0	3	110	109	499	109
ID_170_F1_5_F2_13_G_4_SplitPt_126_GenID_0	94	1
f5_3	94	1
f5_2	94	1
f6_25	94	2
f6_24	94	2
ID_170_F1_5_F2_13_G_4_SplitPt_126_GenID_0	95	0	3	127	127	499	127
f5_3	95	1
ID_346_F1_5_F2_6_G_4_SplitPt_109_GenID_0	95	1
f5_2	95	1
f13_27	95	2
f13_26	95	2
ID_114_F1_18_F2_3_G_4_SplitPt_99_GenID_0	96	0	1	106	91	498	98
f18_7	96	1
f18_6	96	1
f3_1	96	2
f3_0	96	2
